Linear mixed model fit by REML 
t-tests use  Satterthwaite approximations to degrees of freedom ['lmerMod']
Formula: MeanAmp ~ Race * Fix + (Race * Fix | Subject) + (1 | Electrode)
   Data: dat

REML criterion at convergence: 1407083

Scaled residuals: 
    Min      1Q  Median      3Q     Max 
-7.0150 -0.6352 -0.0057  0.6256  6.6307 

Random effects:
 Groups    Name                  Variance Std.Dev. Corr             
 Subject   (Intercept)            6.88921 2.625                     
           RaceWhite              1.15699 1.076    -0.22            
           Fixforehead            2.19594 1.482    -0.44  0.20      
           RaceWhite:Fixforehead  1.88687 1.374     0.25 -0.58 -0.48
 Electrode (Intercept)            0.04972 0.223                     
 Residual                        76.00920 8.718                     
Number of obs: 196168, groups:  Subject, 65; Electrode, 7

Fixed effects:
                      Estimate Std. Error      df t value Pr(>|t|)    
(Intercept)             1.9881     0.3386 69.1900   5.871 1.36e-07 ***
RaceWhite              -0.8407     0.1447 62.3400  -5.809 2.30e-07 ***
Fixforehead            -0.5374     0.1922 63.8400  -2.796  0.00683 ** 
RaceWhite:Fixforehead   0.2996     0.1880 62.1100   1.593  0.11614    
---
Signif. codes:  0 ‘***’ 0.001 ‘**’ 0.01 ‘*’ 0.05 ‘.’ 0.1 ‘ ’ 1

Correlation of Fixed Effects:
            (Intr) RacWht Fxfrhd
RaceWhite   -0.225              
Fixforehead -0.424  0.232       
RcWht:Fxfrh  0.239 -0.600 -0.501
[1] "________________________________________________________________________________________________"
$Subject
    (Intercept)    RaceWhite Fixforehead RaceWhite:Fixforehead
1   5.164689548 -0.080218996 -1.47873736         -0.7660306339
2   2.080734631 -1.119530700 -1.01618060          0.1980823998
3   5.353940899 -2.354923954 -1.24152570          1.8552495026
4   2.000194637 -0.203390908 -0.87772642          1.2481177314
5   4.051034716 -0.724366358 -0.07342256          0.1020330207
6   2.094055695 -0.968417262 -0.92935386          0.6563441575
7   2.595211675 -1.125070776 -1.34109770          1.8994050675
8  -1.869425607  1.241427624  0.64176360         -1.3639820857
9   3.754398543 -1.069980700 -1.71672828          0.7659528582
10  2.764065519 -0.681475491  1.03537531          0.1610595877
11  2.419089251 -1.817649716 -0.87846412          1.0267502937
12  1.514071200 -0.337633781 -0.48297263          0.3815810432
13  0.339835306  0.247553230 -1.23511227          1.1142559953
14 -1.423466729 -1.071728560  0.63926428          1.6913570608
15  3.879208185 -1.721880136 -2.20918936          1.6428264362
16  4.324240949 -0.277472667 -0.75414300          1.4898237642
17  0.424344643  0.424747099  0.50280110         -1.9300165169
18  4.287561533 -4.447494729 -0.08579521          0.2802637469
19  4.372784788 -0.686884600 -0.70287244          0.4786869323
20 -1.155965019 -0.678274324  0.36904772         -0.6955075773
21  0.815819986  0.005159720 -0.42529576          0.5813855247
22 -2.426731922  0.783968824  1.42997800         -1.1587989525
23  5.384317153  0.256597655 -1.61978541          0.0944355616
24  4.468763624 -0.740262941 -1.55870867          0.0179563098
25 -1.059010452 -1.468657509 -3.29707138          0.7818849967
26 -3.009612157 -1.251756195  0.15269349          0.1319851691
27  0.977987650 -0.004227589  2.95885408         -0.8759427423
28  3.036374455 -0.651880735 -1.69808449          0.5093772012
29 -2.552611900 -0.303225059  0.12437173         -0.6013070913
30  6.193575875 -0.296984968 -1.04082158         -0.0004378507
31  4.311831622 -0.437349402 -2.51531380         -0.5023356507
32  3.713127464 -1.123147712 -1.65727947          1.0574379925
33  5.397079526 -0.935304642 -3.18697954          2.7211681414
34 -3.634578980 -0.965581117 -1.13067331          0.4774762523
35 -2.111816537 -1.007135442 -0.44872465         -0.2840480373
36  2.319270333 -0.457129869 -0.62646295         -0.1430821706
37  4.117895130 -0.263936488  1.42462493         -1.1473969025
38  7.855144894  0.069742908 -1.35710584         -2.3652934983
39  5.801486680 -2.109665869 -2.71290090          3.9043435447
40  4.309176773 -0.588871119  0.73766352          0.1579377952
41  5.424521106 -1.296746051 -3.27937293         -0.3162933080
42  0.006135668 -0.554720283  0.65196689         -0.6614438086
43  6.793847711 -2.928597391 -2.21463838          1.8062364402
44  2.053178353  0.299093554  1.07340496         -2.3342222523
45  0.707816505 -0.513647359  1.58022017         -0.3997632584
46 -0.040858963 -0.775295633  0.27748110         -0.5250257748
47  1.889076250  1.148670770 -2.98726122          1.1557471779
48 -1.100768604 -1.190541052 -0.31773835         -0.2463333548
49 -0.148956296 -0.416528806  0.74123749         -0.6123404762
50  2.374122440 -2.693515715  1.94319953          2.0945672822
51  0.630411590 -1.277797808  0.62963942         -0.3576798523
52 -1.615878671 -0.404804266  1.54748396         -1.0028245685
53 -0.182908148  0.916095253  0.66632071         -1.2530982306
54  4.695575424 -0.926337230 -0.18443883          1.6474335495
55  1.836425581 -0.558206203  0.36264157         -2.0006269431
56  2.401234431 -0.469095132 -3.98734517          0.6734012539
57  3.144645019 -0.716566285 -0.55593909          0.1796225883
58  0.224591340 -1.635542479  0.66862312          1.6675011516
59  2.932125240 -0.596994999 -0.70083425          0.2572897158
60  2.142974854 -2.029923307  1.10296966          0.9754322079
61  1.656634826 -3.097138849 -2.13357645          2.9250020274
62  2.169550610 -1.661687994 -1.00575696          0.8590984659
63  0.187208611 -1.599236002  0.07048887         -0.7993823358
64  0.645533114 -1.982297236 -1.13394509          1.9160911713
66 -0.477512070 -0.740009818  0.53882905          0.2322954219

$Electrode
    (Intercept)  RaceWhite Fixforehead RaceWhite:Fixforehead
C3     1.992986 -0.8406721  -0.5373605             0.2995951
C4     1.671535 -0.8406721  -0.5373605             0.2995951
CP3    1.967876 -0.8406721  -0.5373605             0.2995951
CP4    1.744946 -0.8406721  -0.5373605             0.2995951
CPZ    2.199557 -0.8406721  -0.5373605             0.2995951
CZ     2.248329 -0.8406721  -0.5373605             0.2995951
PZ     2.091505 -0.8406721  -0.5373605             0.2995951

attr(,"class")
[1] "coef.mer"
[1] "________________________________________________________________________________________________"
      AIC       BIC    logLik  deviance  df.resid 
1407108.8 1407271.8 -703538.4 1407076.8  196152.0 
