Linear mixed model fit by REML 
t-tests use  Satterthwaite approximations to degrees of freedom ['lmerMod']
Formula: MeanAmp ~ Race * Fix + (Race * Fix | Subject) + (1 | Electrode) +      (1 | Trial)
   Data: dat

REML criterion at convergence: 1404919

Scaled residuals: 
    Min      1Q  Median      3Q     Max 
-6.9955 -0.6350 -0.0078  0.6255  6.7571 

Random effects:
 Groups    Name                  Variance Std.Dev. Corr             
 Trial     (Intercept)            1.23229 1.1101                    
 Subject   (Intercept)            6.91178 2.6290                    
           RaceWhite              1.15258 1.0736   -0.23            
           Fixforehead            2.11130 1.4530   -0.45  0.18      
           RaceWhite:Fixforehead  1.93190 1.3899    0.27 -0.57 -0.47
 Electrode (Intercept)            0.04977 0.2231                    
 Residual                        74.78680 8.6479                    
Number of obs: 196168, groups:  Trial, 512; Subject, 65; Electrode, 7

Fixed effects:
                      Estimate Std. Error      df t value Pr(>|t|)    
(Intercept)             2.0067     0.3427 72.1400   5.856 1.30e-07 ***
RaceWhite              -0.8535     0.1445 62.2700  -5.906 1.58e-07 ***
Fixforehead            -0.5683     0.1888 63.8000  -3.010  0.00374 ** 
RaceWhite:Fixforehead   0.3498     0.1899 61.8500   1.843  0.07019 .  
---
Signif. codes:  0 ‘***’ 0.001 ‘**’ 0.01 ‘*’ 0.05 ‘.’ 0.1 ‘ ’ 1

Correlation of Fixed Effects:
            (Intr) RacWht Fxfrhd
RaceWhite   -0.231              
Fixforehead -0.435  0.214       
RcWht:Fxfrh  0.256 -0.590 -0.493
[1] "________________________________________________________________________________________________"
$Trial
    (Intercept)  RaceWhite Fixforehead RaceWhite:Fixforehead
1    1.38582007 -0.8534942  -0.5682732             0.3498393
2    0.85233060 -0.8534942  -0.5682732             0.3498393
3    2.26501944 -0.8534942  -0.5682732             0.3498393
4    1.61024880 -0.8534942  -0.5682732             0.3498393
5    0.78843582 -0.8534942  -0.5682732             0.3498393
6    1.53186771 -0.8534942  -0.5682732             0.3498393
7   -0.78780135 -0.8534942  -0.5682732             0.3498393
8    1.02932033 -0.8534942  -0.5682732             0.3498393
9    2.46668421 -0.8534942  -0.5682732             0.3498393
10   2.26725515 -0.8534942  -0.5682732             0.3498393
11   1.86736694 -0.8534942  -0.5682732             0.3498393
12   0.93857765 -0.8534942  -0.5682732             0.3498393
13   1.75357335 -0.8534942  -0.5682732             0.3498393
14   1.89641698 -0.8534942  -0.5682732             0.3498393
15   0.06561437 -0.8534942  -0.5682732             0.3498393
16   0.88799136 -0.8534942  -0.5682732             0.3498393
17   1.62359198 -0.8534942  -0.5682732             0.3498393
18   0.85074783 -0.8534942  -0.5682732             0.3498393
19   1.39520086 -0.8534942  -0.5682732             0.3498393
20   0.28861736 -0.8534942  -0.5682732             0.3498393
21   0.67533653 -0.8534942  -0.5682732             0.3498393
22   2.00856224 -0.8534942  -0.5682732             0.3498393
23  -0.66925799 -0.8534942  -0.5682732             0.3498393
24   1.47211893 -0.8534942  -0.5682732             0.3498393
25   1.00446515 -0.8534942  -0.5682732             0.3498393
26   0.67226330 -0.8534942  -0.5682732             0.3498393
27   0.32561632 -0.8534942  -0.5682732             0.3498393
28   0.76687548 -0.8534942  -0.5682732             0.3498393
29   0.81615556 -0.8534942  -0.5682732             0.3498393
30  -0.39218119 -0.8534942  -0.5682732             0.3498393
31   0.22768339 -0.8534942  -0.5682732             0.3498393
32   1.73528815 -0.8534942  -0.5682732             0.3498393
33   0.72377660 -0.8534942  -0.5682732             0.3498393
34   1.80708141 -0.8534942  -0.5682732             0.3498393
35   0.34941534 -0.8534942  -0.5682732             0.3498393
36   1.11472340 -0.8534942  -0.5682732             0.3498393
37   1.47865890 -0.8534942  -0.5682732             0.3498393
38  -0.16574528 -0.8534942  -0.5682732             0.3498393
39   0.69297898 -0.8534942  -0.5682732             0.3498393
40   0.03119635 -0.8534942  -0.5682732             0.3498393
41   2.22315997 -0.8534942  -0.5682732             0.3498393
42   3.45094043 -0.8534942  -0.5682732             0.3498393
43   1.53289493 -0.8534942  -0.5682732             0.3498393
44  -0.73704768 -0.8534942  -0.5682732             0.3498393
45   2.41922311 -0.8534942  -0.5682732             0.3498393
46   1.10098112 -0.8534942  -0.5682732             0.3498393
47   2.36323270 -0.8534942  -0.5682732             0.3498393
48   0.95710090 -0.8534942  -0.5682732             0.3498393
49   2.23866826 -0.8534942  -0.5682732             0.3498393
50   1.26162776 -0.8534942  -0.5682732             0.3498393
51   2.04433415 -0.8534942  -0.5682732             0.3498393
52   1.13933907 -0.8534942  -0.5682732             0.3498393
53   0.12276792 -0.8534942  -0.5682732             0.3498393
54   1.10205092 -0.8534942  -0.5682732             0.3498393
55   0.27226368 -0.8534942  -0.5682732             0.3498393
56   0.65038099 -0.8534942  -0.5682732             0.3498393
57   1.19532638 -0.8534942  -0.5682732             0.3498393
58   0.02411072 -0.8534942  -0.5682732             0.3498393
59   1.40427362 -0.8534942  -0.5682732             0.3498393
60   0.63179429 -0.8534942  -0.5682732             0.3498393
61  -0.52453987 -0.8534942  -0.5682732             0.3498393
62   1.23330964 -0.8534942  -0.5682732             0.3498393
63   2.47399497 -0.8534942  -0.5682732             0.3498393
64   1.76760511 -0.8534942  -0.5682732             0.3498393
65   0.64603980 -0.8534942  -0.5682732             0.3498393
66   1.89667578 -0.8534942  -0.5682732             0.3498393
67   0.81776562 -0.8534942  -0.5682732             0.3498393
68   1.78512843 -0.8534942  -0.5682732             0.3498393
69   1.41533245 -0.8534942  -0.5682732             0.3498393
70   1.69824045 -0.8534942  -0.5682732             0.3498393
71   1.92954727 -0.8534942  -0.5682732             0.3498393
72   1.42198130 -0.8534942  -0.5682732             0.3498393
73   2.27281484 -0.8534942  -0.5682732             0.3498393
74  -0.18198700 -0.8534942  -0.5682732             0.3498393
75   1.46348424 -0.8534942  -0.5682732             0.3498393
76   3.45695181 -0.8534942  -0.5682732             0.3498393
77   2.31385029 -0.8534942  -0.5682732             0.3498393
78  -0.31950478 -0.8534942  -0.5682732             0.3498393
79   2.51699467 -0.8534942  -0.5682732             0.3498393
80   1.40905309 -0.8534942  -0.5682732             0.3498393
81   1.65681289 -0.8534942  -0.5682732             0.3498393
82   0.94967015 -0.8534942  -0.5682732             0.3498393
83   1.91399223 -0.8534942  -0.5682732             0.3498393
84   1.66633844 -0.8534942  -0.5682732             0.3498393
85   3.66718351 -0.8534942  -0.5682732             0.3498393
86   2.20283298 -0.8534942  -0.5682732             0.3498393
87   2.86212531 -0.8534942  -0.5682732             0.3498393
88   0.88961638 -0.8534942  -0.5682732             0.3498393
89   2.29399362 -0.8534942  -0.5682732             0.3498393
90   1.66466467 -0.8534942  -0.5682732             0.3498393
91   0.67551695 -0.8534942  -0.5682732             0.3498393
92   1.05913866 -0.8534942  -0.5682732             0.3498393
93   0.29288925 -0.8534942  -0.5682732             0.3498393
94   2.42385322 -0.8534942  -0.5682732             0.3498393
95   1.58094382 -0.8534942  -0.5682732             0.3498393
96   1.64129755 -0.8534942  -0.5682732             0.3498393
97   1.49339453 -0.8534942  -0.5682732             0.3498393
98   3.18306388 -0.8534942  -0.5682732             0.3498393
99   1.17361932 -0.8534942  -0.5682732             0.3498393
100  2.58797480 -0.8534942  -0.5682732             0.3498393
101  2.45057558 -0.8534942  -0.5682732             0.3498393
102  1.76115094 -0.8534942  -0.5682732             0.3498393
103  3.65823181 -0.8534942  -0.5682732             0.3498393
104  2.30461341 -0.8534942  -0.5682732             0.3498393
105  1.36943157 -0.8534942  -0.5682732             0.3498393
106  3.57253779 -0.8534942  -0.5682732             0.3498393
107  1.03043658 -0.8534942  -0.5682732             0.3498393
108  2.86048306 -0.8534942  -0.5682732             0.3498393
109  2.48861652 -0.8534942  -0.5682732             0.3498393
110  1.42083091 -0.8534942  -0.5682732             0.3498393
111  2.15659253 -0.8534942  -0.5682732             0.3498393
112  0.03115536 -0.8534942  -0.5682732             0.3498393
113  1.40794604 -0.8534942  -0.5682732             0.3498393
114  1.19475102 -0.8534942  -0.5682732             0.3498393
115  1.31515221 -0.8534942  -0.5682732             0.3498393
116  3.08402443 -0.8534942  -0.5682732             0.3498393
117  1.75164215 -0.8534942  -0.5682732             0.3498393
118  1.88850110 -0.8534942  -0.5682732             0.3498393
119  1.89053388 -0.8534942  -0.5682732             0.3498393
120  2.31621938 -0.8534942  -0.5682732             0.3498393
121  3.06115330 -0.8534942  -0.5682732             0.3498393
122  1.13147837 -0.8534942  -0.5682732             0.3498393
123  1.17078528 -0.8534942  -0.5682732             0.3498393
124  1.75975880 -0.8534942  -0.5682732             0.3498393
125  1.12574777 -0.8534942  -0.5682732             0.3498393
126  0.42500763 -0.8534942  -0.5682732             0.3498393
127  1.59378439 -0.8534942  -0.5682732             0.3498393
128  2.58059290 -0.8534942  -0.5682732             0.3498393
129  1.28459872 -0.8534942  -0.5682732             0.3498393
130  0.79584830 -0.8534942  -0.5682732             0.3498393
131  2.91240049 -0.8534942  -0.5682732             0.3498393
132  2.85845054 -0.8534942  -0.5682732             0.3498393
133  0.52953605 -0.8534942  -0.5682732             0.3498393
134  3.23655779 -0.8534942  -0.5682732             0.3498393
135  3.66253050 -0.8534942  -0.5682732             0.3498393
136  2.39217504 -0.8534942  -0.5682732             0.3498393
137  2.21651540 -0.8534942  -0.5682732             0.3498393
138  2.33169608 -0.8534942  -0.5682732             0.3498393
139  0.55700362 -0.8534942  -0.5682732             0.3498393
140  1.13025013 -0.8534942  -0.5682732             0.3498393
141  1.95556510 -0.8534942  -0.5682732             0.3498393
142  2.09798897 -0.8534942  -0.5682732             0.3498393
143  0.73182292 -0.8534942  -0.5682732             0.3498393
144  2.13760391 -0.8534942  -0.5682732             0.3498393
145  3.88440973 -0.8534942  -0.5682732             0.3498393
146  0.46075612 -0.8534942  -0.5682732             0.3498393
147  2.60247875 -0.8534942  -0.5682732             0.3498393
148  2.87814776 -0.8534942  -0.5682732             0.3498393
149  3.00451337 -0.8534942  -0.5682732             0.3498393
150  2.27214263 -0.8534942  -0.5682732             0.3498393
151  1.40315322 -0.8534942  -0.5682732             0.3498393
152  2.49797963 -0.8534942  -0.5682732             0.3498393
153  2.06295877 -0.8534942  -0.5682732             0.3498393
154  2.47838552 -0.8534942  -0.5682732             0.3498393
155  1.62836208 -0.8534942  -0.5682732             0.3498393
156  1.49057040 -0.8534942  -0.5682732             0.3498393
157  1.37087432 -0.8534942  -0.5682732             0.3498393
158  2.50354975 -0.8534942  -0.5682732             0.3498393
159  3.81916114 -0.8534942  -0.5682732             0.3498393
160  3.07735024 -0.8534942  -0.5682732             0.3498393
161  2.92335904 -0.8534942  -0.5682732             0.3498393
162  1.91952426 -0.8534942  -0.5682732             0.3498393
163  1.99688235 -0.8534942  -0.5682732             0.3498393
164  2.17358366 -0.8534942  -0.5682732             0.3498393
165  3.37198968 -0.8534942  -0.5682732             0.3498393
166  1.75747278 -0.8534942  -0.5682732             0.3498393
167  1.17316048 -0.8534942  -0.5682732             0.3498393
168  3.97001916 -0.8534942  -0.5682732             0.3498393
169  3.50419047 -0.8534942  -0.5682732             0.3498393
170  1.54058755 -0.8534942  -0.5682732             0.3498393
171  0.10226374 -0.8534942  -0.5682732             0.3498393
172  1.14309584 -0.8534942  -0.5682732             0.3498393
173  2.30845174 -0.8534942  -0.5682732             0.3498393
174  2.22940329 -0.8534942  -0.5682732             0.3498393
175  2.42675392 -0.8534942  -0.5682732             0.3498393
176  3.34053983 -0.8534942  -0.5682732             0.3498393
177  2.32467811 -0.8534942  -0.5682732             0.3498393
178  3.24235803 -0.8534942  -0.5682732             0.3498393
179  4.07816810 -0.8534942  -0.5682732             0.3498393
180  1.89927036 -0.8534942  -0.5682732             0.3498393
181  2.84810686 -0.8534942  -0.5682732             0.3498393
182  3.72250440 -0.8534942  -0.5682732             0.3498393
183  2.39652005 -0.8534942  -0.5682732             0.3498393
184  0.55637523 -0.8534942  -0.5682732             0.3498393
185  2.66026238 -0.8534942  -0.5682732             0.3498393
186  3.24269368 -0.8534942  -0.5682732             0.3498393
187  1.12623051 -0.8534942  -0.5682732             0.3498393
188  4.18055957 -0.8534942  -0.5682732             0.3498393
189  1.27027483 -0.8534942  -0.5682732             0.3498393
190  1.96258667 -0.8534942  -0.5682732             0.3498393
191  1.14879579 -0.8534942  -0.5682732             0.3498393
192 -0.60266078 -0.8534942  -0.5682732             0.3498393
193  1.30693542 -0.8534942  -0.5682732             0.3498393
194  2.34311006 -0.8534942  -0.5682732             0.3498393
195  1.91928570 -0.8534942  -0.5682732             0.3498393
196  0.42347075 -0.8534942  -0.5682732             0.3498393
197  0.82928058 -0.8534942  -0.5682732             0.3498393
198  1.94955777 -0.8534942  -0.5682732             0.3498393
199  2.28265295 -0.8534942  -0.5682732             0.3498393
200  1.79520180 -0.8534942  -0.5682732             0.3498393
201  3.70562058 -0.8534942  -0.5682732             0.3498393
202  3.40178513 -0.8534942  -0.5682732             0.3498393
203  2.83999637 -0.8534942  -0.5682732             0.3498393
204  1.53245752 -0.8534942  -0.5682732             0.3498393
205  2.54439048 -0.8534942  -0.5682732             0.3498393
206  1.88914995 -0.8534942  -0.5682732             0.3498393
207  2.74852969 -0.8534942  -0.5682732             0.3498393
208  3.90525089 -0.8534942  -0.5682732             0.3498393
209  2.51722275 -0.8534942  -0.5682732             0.3498393
210  3.55822338 -0.8534942  -0.5682732             0.3498393
211  1.81460695 -0.8534942  -0.5682732             0.3498393
212  1.89038530 -0.8534942  -0.5682732             0.3498393
213  3.14442527 -0.8534942  -0.5682732             0.3498393
214  2.39388119 -0.8534942  -0.5682732             0.3498393
215  0.30767012 -0.8534942  -0.5682732             0.3498393
216  0.47796857 -0.8534942  -0.5682732             0.3498393
217  1.53531348 -0.8534942  -0.5682732             0.3498393
218  3.19180510 -0.8534942  -0.5682732             0.3498393
219  3.26242918 -0.8534942  -0.5682732             0.3498393
220  2.52215078 -0.8534942  -0.5682732             0.3498393
221  2.73428999 -0.8534942  -0.5682732             0.3498393
222  3.86168366 -0.8534942  -0.5682732             0.3498393
223  3.38437688 -0.8534942  -0.5682732             0.3498393
224  3.53117909 -0.8534942  -0.5682732             0.3498393
225  2.98491205 -0.8534942  -0.5682732             0.3498393
226  0.45832481 -0.8534942  -0.5682732             0.3498393
227  0.09437636 -0.8534942  -0.5682732             0.3498393
228  4.12894412 -0.8534942  -0.5682732             0.3498393
229  0.66740842 -0.8534942  -0.5682732             0.3498393
230  2.01244832 -0.8534942  -0.5682732             0.3498393
231  1.87702018 -0.8534942  -0.5682732             0.3498393
232  1.71110904 -0.8534942  -0.5682732             0.3498393
233  2.01737333 -0.8534942  -0.5682732             0.3498393
234  2.52696573 -0.8534942  -0.5682732             0.3498393
235  2.27811149 -0.8534942  -0.5682732             0.3498393
236  0.85442696 -0.8534942  -0.5682732             0.3498393
237  1.83255753 -0.8534942  -0.5682732             0.3498393
238  2.52818338 -0.8534942  -0.5682732             0.3498393
239  1.70387690 -0.8534942  -0.5682732             0.3498393
240  3.18580257 -0.8534942  -0.5682732             0.3498393
241  3.13428424 -0.8534942  -0.5682732             0.3498393
242  1.74442919 -0.8534942  -0.5682732             0.3498393
243  1.85559453 -0.8534942  -0.5682732             0.3498393
244  3.29800314 -0.8534942  -0.5682732             0.3498393
245  2.70687020 -0.8534942  -0.5682732             0.3498393
246  1.50062276 -0.8534942  -0.5682732             0.3498393
247  1.56601842 -0.8534942  -0.5682732             0.3498393
248  1.85790299 -0.8534942  -0.5682732             0.3498393
249  3.15756922 -0.8534942  -0.5682732             0.3498393
250  3.49077485 -0.8534942  -0.5682732             0.3498393
251  2.44635058 -0.8534942  -0.5682732             0.3498393
252  2.47559534 -0.8534942  -0.5682732             0.3498393
253  0.92268259 -0.8534942  -0.5682732             0.3498393
254  2.63176836 -0.8534942  -0.5682732             0.3498393
255  1.69081966 -0.8534942  -0.5682732             0.3498393
256  2.13211199 -0.8534942  -0.5682732             0.3498393
257 -0.82167149 -0.8534942  -0.5682732             0.3498393
258  2.44825117 -0.8534942  -0.5682732             0.3498393
259  0.21363940 -0.8534942  -0.5682732             0.3498393
260  3.34229188 -0.8534942  -0.5682732             0.3498393
261  3.12339080 -0.8534942  -0.5682732             0.3498393
262  2.91686277 -0.8534942  -0.5682732             0.3498393
263  1.73422773 -0.8534942  -0.5682732             0.3498393
264  2.60934932 -0.8534942  -0.5682732             0.3498393
265  2.34781392 -0.8534942  -0.5682732             0.3498393
266  1.97567392 -0.8534942  -0.5682732             0.3498393
267  1.73321662 -0.8534942  -0.5682732             0.3498393
268  3.39989707 -0.8534942  -0.5682732             0.3498393
269  1.37560547 -0.8534942  -0.5682732             0.3498393
270  1.88370194 -0.8534942  -0.5682732             0.3498393
271  4.39256764 -0.8534942  -0.5682732             0.3498393
272  1.88382004 -0.8534942  -0.5682732             0.3498393
273  1.87524411 -0.8534942  -0.5682732             0.3498393
274  1.88633420 -0.8534942  -0.5682732             0.3498393
275  2.44427329 -0.8534942  -0.5682732             0.3498393
276  2.96478931 -0.8534942  -0.5682732             0.3498393
277  1.91738816 -0.8534942  -0.5682732             0.3498393
278  0.90136869 -0.8534942  -0.5682732             0.3498393
279  2.56665653 -0.8534942  -0.5682732             0.3498393
280  2.91056841 -0.8534942  -0.5682732             0.3498393
281  2.39516673 -0.8534942  -0.5682732             0.3498393
282  2.56918376 -0.8534942  -0.5682732             0.3498393
283  2.82339418 -0.8534942  -0.5682732             0.3498393
284  1.74683812 -0.8534942  -0.5682732             0.3498393
285  1.72975490 -0.8534942  -0.5682732             0.3498393
286  2.86343350 -0.8534942  -0.5682732             0.3498393
287  1.86135125 -0.8534942  -0.5682732             0.3498393
288  1.62462634 -0.8534942  -0.5682732             0.3498393
289  3.87141930 -0.8534942  -0.5682732             0.3498393
290  2.18461367 -0.8534942  -0.5682732             0.3498393
291  2.11330100 -0.8534942  -0.5682732             0.3498393
292  1.61711191 -0.8534942  -0.5682732             0.3498393
293  1.79083675 -0.8534942  -0.5682732             0.3498393
294  1.94720782 -0.8534942  -0.5682732             0.3498393
295  3.02515651 -0.8534942  -0.5682732             0.3498393
296  1.56383988 -0.8534942  -0.5682732             0.3498393
297  0.97389363 -0.8534942  -0.5682732             0.3498393
298  2.12952910 -0.8534942  -0.5682732             0.3498393
299  2.47677232 -0.8534942  -0.5682732             0.3498393
300  2.48369059 -0.8534942  -0.5682732             0.3498393
301  2.50512561 -0.8534942  -0.5682732             0.3498393
302  1.21286667 -0.8534942  -0.5682732             0.3498393
303  1.67368067 -0.8534942  -0.5682732             0.3498393
304  2.79636362 -0.8534942  -0.5682732             0.3498393
305  0.92166807 -0.8534942  -0.5682732             0.3498393
306  0.75992954 -0.8534942  -0.5682732             0.3498393
307  2.08128869 -0.8534942  -0.5682732             0.3498393
308  0.56573980 -0.8534942  -0.5682732             0.3498393
309  2.05202629 -0.8534942  -0.5682732             0.3498393
310  2.71635086 -0.8534942  -0.5682732             0.3498393
311  2.46821152 -0.8534942  -0.5682732             0.3498393
312  0.08847179 -0.8534942  -0.5682732             0.3498393
313  2.13768385 -0.8534942  -0.5682732             0.3498393
314  1.16080430 -0.8534942  -0.5682732             0.3498393
315  3.65569836 -0.8534942  -0.5682732             0.3498393
316  1.41132823 -0.8534942  -0.5682732             0.3498393
317  3.62400420 -0.8534942  -0.5682732             0.3498393
318  1.80538827 -0.8534942  -0.5682732             0.3498393
319  2.90661503 -0.8534942  -0.5682732             0.3498393
320  1.57702766 -0.8534942  -0.5682732             0.3498393
321  2.94730449 -0.8534942  -0.5682732             0.3498393
322  1.77038684 -0.8534942  -0.5682732             0.3498393
323  3.22994508 -0.8534942  -0.5682732             0.3498393
324  3.43758872 -0.8534942  -0.5682732             0.3498393
325  1.99018806 -0.8534942  -0.5682732             0.3498393
326  1.54259054 -0.8534942  -0.5682732             0.3498393
327  2.39812782 -0.8534942  -0.5682732             0.3498393
328  2.36849864 -0.8534942  -0.5682732             0.3498393
329  1.29538561 -0.8534942  -0.5682732             0.3498393
330  2.25554393 -0.8534942  -0.5682732             0.3498393
331  1.89980309 -0.8534942  -0.5682732             0.3498393
332  2.27862024 -0.8534942  -0.5682732             0.3498393
333  2.47498605 -0.8534942  -0.5682732             0.3498393
334  1.92608552 -0.8534942  -0.5682732             0.3498393
335  3.71215618 -0.8534942  -0.5682732             0.3498393
336  0.20351976 -0.8534942  -0.5682732             0.3498393
337  2.19810772 -0.8534942  -0.5682732             0.3498393
338  2.45999815 -0.8534942  -0.5682732             0.3498393
339  1.04243661 -0.8534942  -0.5682732             0.3498393
340  2.70213797 -0.8534942  -0.5682732             0.3498393
341  2.78866009 -0.8534942  -0.5682732             0.3498393
342  2.94292811 -0.8534942  -0.5682732             0.3498393
343  2.56977061 -0.8534942  -0.5682732             0.3498393
344  2.07297478 -0.8534942  -0.5682732             0.3498393
345  1.27278390 -0.8534942  -0.5682732             0.3498393
346  1.90395745 -0.8534942  -0.5682732             0.3498393
347  1.23989572 -0.8534942  -0.5682732             0.3498393
348  1.45684010 -0.8534942  -0.5682732             0.3498393
349  2.04857778 -0.8534942  -0.5682732             0.3498393
350  3.30599663 -0.8534942  -0.5682732             0.3498393
351  3.70390260 -0.8534942  -0.5682732             0.3498393
352 -0.03975273 -0.8534942  -0.5682732             0.3498393
353  1.40985222 -0.8534942  -0.5682732             0.3498393
354  2.06926766 -0.8534942  -0.5682732             0.3498393
355  1.38842876 -0.8534942  -0.5682732             0.3498393
356  3.32035833 -0.8534942  -0.5682732             0.3498393
357  1.32694203 -0.8534942  -0.5682732             0.3498393
358  3.33661360 -0.8534942  -0.5682732             0.3498393
359  1.58707784 -0.8534942  -0.5682732             0.3498393
360  3.59456852 -0.8534942  -0.5682732             0.3498393
361  1.84537178 -0.8534942  -0.5682732             0.3498393
362  1.85138636 -0.8534942  -0.5682732             0.3498393
363  1.97477703 -0.8534942  -0.5682732             0.3498393
364  2.48125715 -0.8534942  -0.5682732             0.3498393
365  3.23905319 -0.8534942  -0.5682732             0.3498393
366  1.94120944 -0.8534942  -0.5682732             0.3498393
367  0.12845669 -0.8534942  -0.5682732             0.3498393
368  2.33901822 -0.8534942  -0.5682732             0.3498393
369  1.44920897 -0.8534942  -0.5682732             0.3498393
370  1.43264111 -0.8534942  -0.5682732             0.3498393
371  1.49643137 -0.8534942  -0.5682732             0.3498393
372  3.67426359 -0.8534942  -0.5682732             0.3498393
373  1.65410760 -0.8534942  -0.5682732             0.3498393
374  1.53033035 -0.8534942  -0.5682732             0.3498393
375  2.52252179 -0.8534942  -0.5682732             0.3498393
376  2.25237368 -0.8534942  -0.5682732             0.3498393
377  1.37610835 -0.8534942  -0.5682732             0.3498393
378  0.97945227 -0.8534942  -0.5682732             0.3498393
379  1.86258753 -0.8534942  -0.5682732             0.3498393
380  2.91437669 -0.8534942  -0.5682732             0.3498393
381 -0.07632367 -0.8534942  -0.5682732             0.3498393
382  1.99875376 -0.8534942  -0.5682732             0.3498393
383  3.30727015 -0.8534942  -0.5682732             0.3498393
384  2.67112443 -0.8534942  -0.5682732             0.3498393
385  1.11352978 -0.8534942  -0.5682732             0.3498393
386  2.38488727 -0.8534942  -0.5682732             0.3498393
387  1.59527496 -0.8534942  -0.5682732             0.3498393
388  4.01351398 -0.8534942  -0.5682732             0.3498393
389  3.23650001 -0.8534942  -0.5682732             0.3498393
390  4.40564617 -0.8534942  -0.5682732             0.3498393
391  3.51112511 -0.8534942  -0.5682732             0.3498393
392  1.14287108 -0.8534942  -0.5682732             0.3498393
393  2.81811321 -0.8534942  -0.5682732             0.3498393
394  0.77812613 -0.8534942  -0.5682732             0.3498393
395  1.48191357 -0.8534942  -0.5682732             0.3498393
396  2.25799864 -0.8534942  -0.5682732             0.3498393
397  2.01564315 -0.8534942  -0.5682732             0.3498393
398  1.12859599 -0.8534942  -0.5682732             0.3498393
399  2.49846293 -0.8534942  -0.5682732             0.3498393
400  1.71605897 -0.8534942  -0.5682732             0.3498393
401  4.64997752 -0.8534942  -0.5682732             0.3498393
402  2.05917882 -0.8534942  -0.5682732             0.3498393
403  3.58122562 -0.8534942  -0.5682732             0.3498393
404  3.99864179 -0.8534942  -0.5682732             0.3498393
405  2.76443706 -0.8534942  -0.5682732             0.3498393
406  3.32725022 -0.8534942  -0.5682732             0.3498393
407  1.24652552 -0.8534942  -0.5682732             0.3498393
408  2.82422560 -0.8534942  -0.5682732             0.3498393
409  1.96518128 -0.8534942  -0.5682732             0.3498393
410  2.10566902 -0.8534942  -0.5682732             0.3498393
411  2.62158638 -0.8534942  -0.5682732             0.3498393
412  1.86034358 -0.8534942  -0.5682732             0.3498393
413  0.97970083 -0.8534942  -0.5682732             0.3498393
414  2.16460744 -0.8534942  -0.5682732             0.3498393
415  2.86888506 -0.8534942  -0.5682732             0.3498393
416  2.62454985 -0.8534942  -0.5682732             0.3498393
417  2.34899237 -0.8534942  -0.5682732             0.3498393
418  2.99398183 -0.8534942  -0.5682732             0.3498393
419  2.89379629 -0.8534942  -0.5682732             0.3498393
420  0.60416054 -0.8534942  -0.5682732             0.3498393
421  1.44167446 -0.8534942  -0.5682732             0.3498393
422  2.46776605 -0.8534942  -0.5682732             0.3498393
423 -0.19022509 -0.8534942  -0.5682732             0.3498393
424  3.66299439 -0.8534942  -0.5682732             0.3498393
425  3.02901017 -0.8534942  -0.5682732             0.3498393
426  4.33456475 -0.8534942  -0.5682732             0.3498393
427  3.01972504 -0.8534942  -0.5682732             0.3498393
428  0.87082448 -0.8534942  -0.5682732             0.3498393
429  0.27936079 -0.8534942  -0.5682732             0.3498393
430  3.17603889 -0.8534942  -0.5682732             0.3498393
431  2.48325369 -0.8534942  -0.5682732             0.3498393
432  1.84118819 -0.8534942  -0.5682732             0.3498393
433  0.75419746 -0.8534942  -0.5682732             0.3498393
434  1.80371098 -0.8534942  -0.5682732             0.3498393
435  2.93131442 -0.8534942  -0.5682732             0.3498393
436  1.38442858 -0.8534942  -0.5682732             0.3498393
437  1.75852590 -0.8534942  -0.5682732             0.3498393
438 -0.05451775 -0.8534942  -0.5682732             0.3498393
439  1.55558818 -0.8534942  -0.5682732             0.3498393
440  2.49591371 -0.8534942  -0.5682732             0.3498393
441  3.21087818 -0.8534942  -0.5682732             0.3498393
442  2.62278360 -0.8534942  -0.5682732             0.3498393
443  2.02558247 -0.8534942  -0.5682732             0.3498393
444  3.74175032 -0.8534942  -0.5682732             0.3498393
445  3.10842712 -0.8534942  -0.5682732             0.3498393
446  4.13491689 -0.8534942  -0.5682732             0.3498393
447  0.70995045 -0.8534942  -0.5682732             0.3498393
448  2.39407175 -0.8534942  -0.5682732             0.3498393
449  3.34214397 -0.8534942  -0.5682732             0.3498393
450  2.42937837 -0.8534942  -0.5682732             0.3498393
451  2.23668564 -0.8534942  -0.5682732             0.3498393
452  2.90783716 -0.8534942  -0.5682732             0.3498393
453  1.52634980 -0.8534942  -0.5682732             0.3498393
454  3.03165207 -0.8534942  -0.5682732             0.3498393
455  1.99181305 -0.8534942  -0.5682732             0.3498393
456  1.58603704 -0.8534942  -0.5682732             0.3498393
457  3.28434406 -0.8534942  -0.5682732             0.3498393
458  2.83567762 -0.8534942  -0.5682732             0.3498393
459  2.67813920 -0.8534942  -0.5682732             0.3498393
460  1.78366351 -0.8534942  -0.5682732             0.3498393
461  3.18544310 -0.8534942  -0.5682732             0.3498393
462  2.45746650 -0.8534942  -0.5682732             0.3498393
463  1.79942197 -0.8534942  -0.5682732             0.3498393
464  0.63842247 -0.8534942  -0.5682732             0.3498393
465  4.37095356 -0.8534942  -0.5682732             0.3498393
466  2.09506832 -0.8534942  -0.5682732             0.3498393
467  1.92988553 -0.8534942  -0.5682732             0.3498393
468  0.33960791 -0.8534942  -0.5682732             0.3498393
469  3.00023024 -0.8534942  -0.5682732             0.3498393
470  1.73511428 -0.8534942  -0.5682732             0.3498393
471  1.45794365 -0.8534942  -0.5682732             0.3498393
472  0.95408899 -0.8534942  -0.5682732             0.3498393
473  2.17233299 -0.8534942  -0.5682732             0.3498393
474  2.57486576 -0.8534942  -0.5682732             0.3498393
475  0.11987380 -0.8534942  -0.5682732             0.3498393
476  1.37033140 -0.8534942  -0.5682732             0.3498393
477  1.35995551 -0.8534942  -0.5682732             0.3498393
478  2.42897628 -0.8534942  -0.5682732             0.3498393
479  3.04980617 -0.8534942  -0.5682732             0.3498393
480  2.24368525 -0.8534942  -0.5682732             0.3498393
481  2.08505891 -0.8534942  -0.5682732             0.3498393
482  2.19437005 -0.8534942  -0.5682732             0.3498393
483  2.19432185 -0.8534942  -0.5682732             0.3498393
484  2.90227236 -0.8534942  -0.5682732             0.3498393
485  1.62718896 -0.8534942  -0.5682732             0.3498393
486  3.65315833 -0.8534942  -0.5682732             0.3498393
487  2.59308142 -0.8534942  -0.5682732             0.3498393
488  0.86707619 -0.8534942  -0.5682732             0.3498393
489  3.24977196 -0.8534942  -0.5682732             0.3498393
490  3.41517318 -0.8534942  -0.5682732             0.3498393
491  3.30939478 -0.8534942  -0.5682732             0.3498393
492  2.70460337 -0.8534942  -0.5682732             0.3498393
493  0.84724412 -0.8534942  -0.5682732             0.3498393
494  2.12907643 -0.8534942  -0.5682732             0.3498393
495  2.20109615 -0.8534942  -0.5682732             0.3498393
496  1.64325518 -0.8534942  -0.5682732             0.3498393
497  2.44213118 -0.8534942  -0.5682732             0.3498393
498  1.47357677 -0.8534942  -0.5682732             0.3498393
499  2.69238511 -0.8534942  -0.5682732             0.3498393
500  2.85207605 -0.8534942  -0.5682732             0.3498393
501  0.82432324 -0.8534942  -0.5682732             0.3498393
502  2.14025892 -0.8534942  -0.5682732             0.3498393
503  3.99755849 -0.8534942  -0.5682732             0.3498393
504  4.48314129 -0.8534942  -0.5682732             0.3498393
505  2.52836083 -0.8534942  -0.5682732             0.3498393
506  3.96157620 -0.8534942  -0.5682732             0.3498393
507  3.08708348 -0.8534942  -0.5682732             0.3498393
508  0.89340014 -0.8534942  -0.5682732             0.3498393
509  1.89061650 -0.8534942  -0.5682732             0.3498393
510  1.33582735 -0.8534942  -0.5682732             0.3498393
511  2.22591830 -0.8534942  -0.5682732             0.3498393
512  1.85885064 -0.8534942  -0.5682732             0.3498393

$Subject
    (Intercept)   RaceWhite  Fixforehead RaceWhite:Fixforehead
1   5.273102418 -0.26833641 -1.637081283           -0.40121408
2   2.122682554 -1.11053320 -1.060333531            0.08928512
3   5.305820315 -2.32825643 -1.205208157            1.98881584
4   2.129807469 -0.19761337 -1.065594595            1.27412836
5   4.066498464 -0.71590625 -0.108175470            0.11221848
6   2.189502506 -1.08026766 -1.057538438            0.91226516
7   2.844326323 -1.33678733 -1.618628310            2.30154844
8  -1.958202103  1.26577677  0.783577856           -1.51643694
9   3.719143062 -1.09082891 -1.741617334            0.71913773
10  2.830643173 -0.85025803  0.961582892            0.37525516
11  2.445952396 -1.85097939 -0.738646916            0.66614724
12  1.462966113 -0.14556464 -0.492661812            0.20396553
13  0.445630800  0.19046206 -1.451183723            1.19385144
14 -1.340241400 -1.13476139  0.374938711            1.94420206
15  3.955501469 -1.89287900 -2.226502666            1.68010336
16  4.295219461 -0.24892715 -0.668605688            1.49538708
17  0.434833560  0.55684389  0.314509931           -1.87145863
18  4.304899969 -4.45292898 -0.177749308            0.49906182
19  4.208924051 -0.55862630 -0.525366571            0.49243553
20 -1.207675004 -0.51708117  0.423731789           -0.80234155
21  0.788376562  0.12321055 -0.504635448            0.62682520
22 -2.400339506  0.67383792  1.441653812           -1.10089567
23  5.407467629  0.26250778 -1.714812833            0.13948300
24  4.566812101 -0.87896277 -1.681405298            0.15876781
25 -1.151178954 -1.42952778 -3.129729524            0.73488639
26 -2.982720452 -1.25405681  0.192308025           -0.01159897
27  1.028865373  0.06366405  2.856027697           -0.88663022
28  3.082053881 -0.66763093 -1.748417541            0.54962795
29 -2.497523134 -0.45216315  0.122003070           -0.49875719
30  6.240858921 -0.33400080 -1.168158384            0.11710672
31  4.192190415 -0.40995650 -2.320797235           -0.51223466
32  3.719600686 -1.22263691 -1.691602181            1.30423098
33  5.398318544 -0.82085469 -3.305005487            2.93721343
34 -3.686433702 -0.80378691 -1.053149464            0.28194302
35 -2.168376524 -0.94239906 -0.423782424           -0.22829679
36  2.418312738 -0.46917044 -0.824093770           -0.19774748
37  4.050897485 -0.07661960  1.408856839           -1.27010846
38  7.806190550  0.04172476 -1.448967257           -2.37949157
39  5.790447149 -2.11697902 -2.603694082            3.81140750
40  4.494405145 -0.76454207  0.431718148            0.41822358
41  5.416974699 -1.38453970 -3.188838369           -0.33378022
42  0.003879769 -0.62240001  0.612847964           -0.43658130
43  6.829698032 -3.00602076 -2.234468840            1.88338878
44  2.246668290 -0.01869592  0.824156982           -1.99181994
45  0.764100527 -0.68888974  1.492131820           -0.06256392
46 -0.048925288 -0.84333568  0.326590325           -0.52151674
47  1.964133501  1.27105221 -3.157995427            1.24515011
48 -1.206842947 -1.16834564 -0.060525108           -0.29952051
49 -0.044440096 -0.54297313  0.700644053           -0.63291022
50  2.296084837 -2.68904974  1.855972822            2.33403454
51  0.681287116 -1.20588296  0.643992918           -0.31906818
52 -1.556792129 -0.48321066  1.440947101           -0.87828747
53  0.009793021  0.77103361  0.426110219           -1.04986828
54  4.722685158 -0.99735299 -0.215911129            1.92276488
55  1.861715121 -0.61843016  0.348648903           -2.00932791
56  2.305425595 -0.39474802 -3.716709198            0.50593729
57  3.147750146 -0.53165869 -0.649421606            0.06453830
58  0.249043377 -1.60799525  0.623287262            1.62792733
59  3.010127418 -0.83580953 -0.906472029            0.76893152
60  2.039476141 -1.74272616  1.177167375            0.68958602
61  1.584185399 -3.07790046 -1.996072720            3.09406514
62  2.334463566 -1.85885308 -0.917512767            0.89594898
63  0.191651079 -1.46085240 -0.002642007           -0.84225939
64  0.477047943 -1.86158253 -0.906441463            1.78486281
66 -0.468211390 -0.63216130  0.624989673           -0.05038814

$Electrode
    (Intercept)  RaceWhite Fixforehead RaceWhite:Fixforehead
C3     2.011632 -0.8534942  -0.5682732             0.3498393
C4     1.689899 -0.8534942  -0.5682732             0.3498393
CP3    1.986500 -0.8534942  -0.5682732             0.3498393
CP4    1.763374 -0.8534942  -0.5682732             0.3498393
CPZ    2.218385 -0.8534942  -0.5682732             0.3498393
CZ     2.267199 -0.8534942  -0.5682732             0.3498393
PZ     2.110238 -0.8534942  -0.5682732             0.3498393

attr(,"class")
[1] "coef.mer"
[1] "________________________________________________________________________________________________"
      AIC       BIC    logLik  deviance  df.resid 
1404946.6 1405119.8 -702456.3 1404912.6  196151.0 
