Linear mixed model fit by REML 
t-tests use  Satterthwaite approximations to degrees of freedom ['lmerMod']
Formula: MeanAmp ~ Race * Fix + (Race * Fix | Subject) + (1 | Electrode)
   Data: binDat

REML criterion at convergence: 122777.2

Scaled residuals: 
    Min      1Q  Median      3Q     Max 
-5.0195 -0.6335 -0.0092  0.6329  4.1925 

Random effects:
 Groups    Name                  Variance Std.Dev. Corr             
 Subject   (Intercept)           6.854    2.6180                    
           RaceWhite             1.228    1.1081   -0.20            
           Fixforehead           2.326    1.5253   -0.40  0.22      
           RaceWhite:Fixforehead 2.147    1.4654    0.19 -0.59 -0.51
 Electrode (Intercept)           0.048    0.2191                    
 Residual                        9.998    3.1620                    
Number of obs: 23730, groups:  Subject, 65; Electrode, 7

Fixed effects:
                      Estimate Std. Error      df t value Pr(>|t|)    
(Intercept)             1.9701     0.3377 69.0900   5.835 1.58e-07 ***
RaceWhite              -0.8199     0.1494 61.9300  -5.489 8.00e-07 ***
Fixforehead            -0.5149     0.1980 63.6000  -2.600   0.0116 *  
RaceWhite:Fixforehead   0.2615     0.1998 61.3200   1.309   0.1955    
---
Signif. codes:  0 ‘***’ 0.001 ‘**’ 0.01 ‘*’ 0.05 ‘.’ 0.1 ‘ ’ 1

Correlation of Fixed Effects:
            (Intr) RacWht Fxfrhd
RaceWhite   -0.210              
Fixforehead -0.395  0.253       
RcWht:Fxfrh  0.194 -0.606 -0.529
[1] "________________________________________________________________________________________________"
$Subject
   (Intercept)   RaceWhite Fixforehead RaceWhite:Fixforehead
1   5.02895660 -0.18357728 -1.21920577           -0.80728510
2   1.51724926 -0.56797717 -0.44730412           -0.52446368
3   5.41075293 -2.27497519 -1.41014175            1.71512813
4   2.02503579 -0.03816048 -0.63367439            0.84275708
5   3.82440400 -0.50717981  0.15994386           -0.24224163
6   2.32040239 -0.85589700 -0.99681579            0.40408165
7   2.23164438 -0.47758337 -1.16032461            1.74460414
8  -1.88831689  1.43809926  0.66105356           -1.59091008
9   3.80652392 -0.86698829 -1.73487146            0.56365852
10  2.75443286 -0.72539096  1.04919741            0.14393185
11  2.40387490 -1.78947087 -0.79922024            0.86977006
12  1.50141911 -0.52183648 -0.48884776            0.59192431
13  0.23729690  0.40509112 -1.22489515            1.07448093
14 -1.39620473 -1.05165059  0.34906698            1.77015973
15  3.53845089 -1.44975956 -1.87909853            1.43208423
16  4.39916799 -0.34837385 -0.76384905            1.43015379
17  0.30763079  0.79226019  0.60306174           -2.18458418
18  3.97357142 -4.50013501  0.32230726            0.45146821
19  4.52706995 -0.75044058 -0.90221313            0.64901324
20 -1.13904158 -0.69252926  0.36838444           -0.77353757
21  0.87321215 -0.09084831 -0.47568035            1.02305921
22 -2.38566870  0.85581419  1.57696159           -1.40672255
23  5.27282295  0.32073279 -1.14531462           -0.35035625
24  4.45702872 -0.79095700 -1.62527872            0.28187930
25 -1.10814417 -1.47573001 -3.76338122            1.14900628
26 -2.99546841 -1.16474658  0.15042283            0.43633680
27  1.04295565 -0.10320977  2.92014068           -0.62232816
28  2.92566993 -0.42996298 -1.63407996            0.40460321
29 -2.56909522 -0.56056464  0.04098105           -0.21124022
30  6.24478264 -0.28918585 -1.00366896           -0.02060527
31  4.36252407 -0.28584331 -2.61177854           -0.47198661
32  3.71314370 -1.26486873 -1.65274468            1.28628541
33  5.43836427 -0.81244309 -3.17056046            2.60843094
34 -3.61688309 -0.99269551 -1.16361832            0.48049481
35 -2.00368219 -1.13386366 -0.57442460           -0.16872990
36  2.21746058 -0.41356040 -0.67873823           -0.03875988
37  3.97330265 -0.12274874  1.59956298           -1.35177547
38  7.87927985  0.03585532 -0.78317724           -3.49148118
39  5.96171781 -2.27529918 -2.94465597            4.25811093
40  4.29990078 -0.66572898  0.93338509            0.15768769
41  5.43525810 -1.34612892 -3.31208036           -0.32493410
42 -0.21473385 -0.36904524  0.87375947           -0.80847848
43  6.67508879 -2.79344493 -2.00637986            1.58346622
44  2.07390760  0.35718567  1.08297187           -2.43156895
45  0.79498627 -0.55627765  1.60953234           -0.48183557
46  0.06495874 -0.88289863  0.32603246           -0.93648088
47  1.88802423  1.03670583 -2.92978322            1.09759024
48 -0.91059629 -1.75969445 -0.32150870           -0.12543524
49 -0.14650398 -0.55113797  0.72678145           -0.79634077
50  2.36873287 -2.68173850  2.08849349            1.94433836
51  0.52077977 -1.03013746  0.74032535           -0.60348392
52 -1.51846612 -0.49015358  1.34073312           -0.77914583
53 -0.24357752  0.66585502  0.80191957           -1.05068015
54  4.72390550 -0.71804203 -0.65460436            1.33831431
55  1.89141016 -0.54977049  0.38244344           -1.96374483
56  2.43267288 -0.62263378 -3.95656033            0.77537166
57  3.09990640 -0.65012532 -0.64072651            0.20012052
58  0.21225750 -1.67963818  0.62124333            1.52932011
59  3.08035903 -0.77228165 -0.91304489            0.61583651
60  2.00696693 -1.89820208  1.23378052            0.79043947
61  2.07812846 -3.48041594 -2.72831000            3.50450013
62  2.25487596 -1.86076282 -1.35051751            1.23934429
63  0.18569345 -1.51726108 -0.06332747           -0.74535477
64  0.76858430 -2.03822434 -1.15450648            1.88580333
66 -0.83277198 -0.48054017  0.88519340            0.02825287

$Electrode
    (Intercept)  RaceWhite Fixforehead RaceWhite:Fixforehead
C3     1.973973 -0.8199252  -0.5149421             0.2614972
C4     1.664773 -0.8199252  -0.5149421             0.2614972
CP3    1.946039 -0.8199252  -0.5149421             0.2614972
CP4    1.731426 -0.8199252  -0.5149421             0.2614972
CPZ    2.177370 -0.8199252  -0.5149421             0.2614972
CZ     2.231904 -0.8199252  -0.5149421             0.2614972
PZ     2.065311 -0.8199252  -0.5149421             0.2614972

attr(,"class")
[1] "coef.mer"
[1] "________________________________________________________________________________________________"
      AIC       BIC    logLik  deviance  df.resid 
122803.09 122932.28 -61385.55 122771.09  23714.00 
