Linear mixed model fit by REML 
t-tests use  Satterthwaite approximations to degrees of freedom ['lmerMod']
Formula: MeanAmp ~ Race * Fix + (Race * Fix | Subject) + (1 | Electrode) +      (Race * Fix | Trial)
   Data: dat

REML criterion at convergence: 1399626

Scaled residuals: 
    Min      1Q  Median      3Q     Max 
-7.0430 -0.6333 -0.0066  0.6279  6.5225 

Random effects:
 Groups    Name                  Variance Std.Dev. Corr             
 Trial     (Intercept)            4.59073 2.1426                    
           RaceWhite              9.02126 3.0035   -0.70            
           Fixforehead            7.79977 2.7928   -0.69  0.48      
           RaceWhite:Fixforehead 16.89793 4.1107    0.50 -0.70 -0.69
 Subject   (Intercept)            6.93995 2.6344                    
           RaceWhite              1.27698 1.1300   -0.23            
           Fixforehead            2.20365 1.4845   -0.45  0.20      
           RaceWhite:Fixforehead  2.18807 1.4792    0.29 -0.59 -0.49
 Electrode (Intercept)            0.04988 0.2233                    
 Residual                        71.71587 8.4685                    
Number of obs: 196168, groups:  Trial, 512; Subject, 65; Electrode, 7

Fixed effects:
                      Estimate Std. Error       df t value Pr(>|t|)    
(Intercept)             2.0341     0.3528  80.3000   5.766 1.45e-07 ***
RaceWhite              -0.8563     0.2010 178.6300  -4.260 3.31e-05 ***
Fixforehead            -0.6043     0.2287 123.3300  -2.643  0.00929 ** 
RaceWhite:Fixforehead   0.3753     0.2702 186.2900   1.389  0.16643    
---
Signif. codes:  0 ‘***’ 0.001 ‘**’ 0.01 ‘*’ 0.05 ‘.’ 0.1 ‘ ’ 1

Correlation of Fixed Effects:
            (Intr) RacWht Fxfrhd
RaceWhite   -0.297              
Fixforehead -0.456  0.320       
RcWht:Fxfrh  0.288 -0.651 -0.567
[1] "________________________________________________________________________________________________"
$Trial
     (Intercept)    RaceWhite  Fixforehead RaceWhite:Fixforehead
1    3.075125877 -1.999908908 -2.614462980            0.75793928
2    0.520615903 -1.514819738  0.304521964            1.26315948
3    1.636442697  0.235404812 -0.484013811            0.64645489
4    0.752588272  0.606712947 -0.776478351            0.83251026
5    1.058010709 -0.461636113  0.140451836           -3.01764702
6    2.527906554 -0.538834143 -2.985087104            0.68096898
7   -0.100396491 -2.051541766 -0.296133075           -0.23348195
8   -1.684765935  0.167168242  2.165632658            2.30093076
9   -0.217556661  1.666035846  4.391768299           -4.20340637
10   1.571829401 -1.350861348  2.622612025           -1.98788911
11  -0.067678784  2.122265222  2.446285897           -3.92989115
12   0.379547123  0.257865135 -1.195301568            0.93077954
13   4.087518328 -3.420864461 -4.880268938            4.18098355
14   2.024634027 -1.478823000 -0.422620331            1.10241551
15   0.239731635  0.304909426 -0.020566254           -4.17337676
16   0.816142116 -3.236355463  0.045493205            4.21504492
17  -0.240732512  2.223259428  0.562735714           -1.30919398
18  -0.935358384  3.874344208  2.109270903           -7.78526585
19   0.327165467  1.051212324 -0.642812330            1.17684984
20  -0.346034605  1.940229217  0.998567022           -5.90024104
21   1.566116648 -1.609561522 -2.547857358            2.20048162
22  -0.837672352 -0.651005703  5.043516191           -0.14380237
23  -1.503183380 -1.258372870  3.090562877           -2.87670571
24   2.589747964 -2.471147176 -2.710354595            3.30124179
25   1.259626069 -2.190223199  0.161862331            0.65260923
26  -1.616597202  1.033026384  1.382034385            0.82872681
27   3.025962555 -4.467506509 -3.531453058            2.27166984
28   1.713806115 -3.111612506 -2.085972551            3.81301480
29  -1.395363391 -0.924995741  3.430056375           -0.13207956
30  -0.747828039 -0.604872667  1.219038933           -2.09233939
31   0.245571910 -0.997537710 -1.355547346            2.41313331
32   3.110242246 -3.976113625 -1.140029094            2.93775438
33  -1.709268053  2.832317708  2.734501650           -4.45031439
34   0.572343860  2.477905106  2.003293759           -6.35534695
35   0.849182158 -0.912649843 -0.772121461           -1.09901706
36  -1.333319139  1.760657376 -0.665896699            3.56569085
37  -0.028367915  1.751031861 -1.846497830            3.24705083
38   0.225835772 -1.428775398 -1.374464258            2.23652634
39  -2.087596989  3.389653793  4.982993949           -6.56279187
40   0.130056305 -0.967125920 -1.872393362            3.43047896
41   0.104847897 -0.762581694  2.237589914            2.96285662
42   3.515607339  1.644957851 -1.601436282           -2.22759223
43   4.033723168 -4.555046923 -3.887890556            5.34918031
44  -0.591210514 -0.928103079 -0.244895441           -0.98540496
45   1.869430837 -0.837401295  2.292366749           -3.14758805
46   0.076016795 -1.383701494  1.266525784            1.21902000
47   3.121758617 -1.152652665 -2.243337408            0.87588795
48   2.468419619 -3.804336544 -1.212872473            1.62154057
49   3.312366346 -1.392958462 -2.196618831            0.70670285
50   2.244569371 -5.642879803 -1.227866511            6.72808815
51   0.918892109 -0.906963344  1.374142978            1.00880116
52   0.103895792  0.907384495  1.883016403           -3.78694928
53   0.812313694 -3.694037984  2.155323649           -2.42670857
54   0.370720408  0.140402407  1.082003679           -2.61312371
55   0.625381134 -0.941324907  0.540420427           -3.65261334
56   1.952609161 -3.379846890 -3.124953328            5.16069504
57   0.314058451 -1.242998098  1.146542642            1.45329331
58   0.468787466 -0.837739481 -2.355805989            1.40415285
59   1.109604431 -1.495702955  0.806711963            0.41737014
60   0.876828829 -4.030004555 -1.031462589            6.99340141
61  -0.063778975 -0.636156058 -0.318702695           -1.85485932
62  -0.535559231  3.316874778  0.093196228           -1.39869666
63   1.580005719 -0.572335118 -0.532417959            3.66254623
64  -1.160449042  1.261408792  5.051812550           -3.77857673
65  -2.626040360  4.726104572  1.181438349           -1.91233254
66   3.691429114 -5.087433883 -2.555247794            5.54421326
67  -1.392328722  2.051350410  2.850548082           -3.00335305
68  -0.473668971  2.055313331  1.688661180           -0.45475319
69   2.301977856 -2.487198037 -0.068674360           -0.92704727
70  -2.062431462  5.084778579  3.796907857           -5.23950002
71   1.471872755  2.885211399 -2.473472736           -0.17824220
72   1.300399405  1.411401771 -3.377734264            1.90517436
73   3.482551963 -0.025514430 -4.767758762            1.65059966
74  -1.022990316 -0.640245862  0.058196628            1.93565599
75   1.848392504 -0.566003417  0.848648453           -5.10274046
76   0.102927826  5.118681043  2.807243216           -5.11425796
77   0.831190971  0.725732161  2.328036668           -3.16415333
78  -1.040746519 -0.700494181 -0.885117410            3.96722274
79   4.125772846 -5.346608154 -3.002023245            6.61765951
80   2.915011697 -4.083039417 -2.537909483            5.17074462
81   1.431890034 -2.696996189 -0.686187372            4.25316911
82   2.656194322 -3.212582348 -3.617107990            4.07852163
83   1.730022243 -1.961771155  0.739310407            0.54640146
84   4.613366767 -4.770285485 -2.454787401            1.00710773
85   2.894210482  0.775556023  1.416033900           -4.14121130
86   1.335063373  0.411176679  0.846174233           -1.93670790
87   4.172869584 -1.895189071 -2.601250367            1.25333430
88   2.701089103 -3.573340455 -4.258722668            5.99230446
89   3.388919703 -1.850570976 -2.574298958            2.42167910
90   0.675335457  1.196941175  0.959991068           -2.08813892
91  -0.787467265  0.611380392  2.483624896           -3.23464539
92   0.230879123 -0.950528241  1.473843598           -0.58732307
93   1.374522601 -2.125108862 -1.700934135            0.97553842
94   3.122363675 -3.440879121 -1.972313246            6.02692077
95   1.279916903  1.411090435  0.938628616           -4.94858860
96   3.003648974 -3.562711866 -4.317857262           10.27308403
97   3.120712964 -1.414137979 -1.706087650           -1.65433331
98   2.003413261  3.164621830  1.738428817           -9.77487133
99   2.048373651 -1.732909768 -2.108574165            1.14601081
100  2.127388586 -0.881058343 -2.015245196            5.14666509
101  4.190890827 -6.384976429  1.273363786            0.52501063
102 -0.268594622  2.823126505  0.714140536           -1.36040424
103  0.497139568  2.830492589  3.399015487           -2.25135247
104  2.545690297 -0.906846996  0.979418738           -3.23309311
105 -0.080119329  2.827349147 -3.527502906            1.11363274
106  3.960996361 -0.165439032 -1.143225788           -1.62168161
107  1.722085443 -1.742206929 -3.100710530            3.97642783
108  1.343910406  2.933166990 -1.156955646            0.25080409
109  2.560368347  0.264834312 -0.637378464           -2.16976319
110  1.712310211 -1.494310009 -2.150712880            3.20707396
111  2.258937339 -0.507955668 -0.326131394           -1.08627440
112  0.735975888 -2.228261128 -0.506191553           -0.37344519
113  3.391907242 -2.360071662 -1.474248787           -1.84544359
114  0.426517722  1.979040940  1.966513544           -6.42906027
115  2.494358683 -2.362876023 -1.290187838            0.38306365
116  5.872568767 -7.821727986 -4.790270461           10.40061299
117  2.073692380  0.073289271 -2.627503124            1.82409087
118  0.766873433  0.834812716  1.642763649           -2.75064847
119  1.411416524  1.320812392 -0.691616886           -1.45474977
120  2.745615203  1.259219221 -2.250331173           -1.45196386
121  3.847749605 -3.168616092  0.374015144           -0.31227795
122  0.840234457  0.025884297  0.150670905           -1.65342340
123  2.864790606 -6.114449412 -0.478314364            3.66740800
124  1.456639253 -2.471982583  1.771588113            0.56009776
125  4.491850664 -3.303399499 -4.956776663            1.16142164
126 -0.137256469  1.540584322  2.518821059           -7.21722101
127  1.706060026  2.831838096 -1.448162103           -4.38259622
128  2.015989933  0.473591134  2.056836033           -4.98937977
129  4.401681243 -4.941589038 -3.454881055            1.33243499
130 -0.372777700  2.115060550  0.567353732           -4.22850018
131  1.973052549 -1.303511275  1.955995311            0.09453266
132  0.611193523  4.029079526  1.868999581           -5.83837459
133  1.604599945 -3.366542051 -2.620594701            5.15872157
134  4.697377867 -5.414195134 -1.611453937            4.43188468
135  2.824478008  0.618499287 -0.133858868            0.37450596
136  2.508749786 -0.805689590  0.929203071           -2.95750855
137  1.987777333  1.319360432 -1.152641781           -1.79317239
138 -0.491300500  2.750150757  2.754751812           -3.13883204
139 -4.032674966  7.370508243  3.241868559           -5.73787551
140  1.848549027  1.375755949 -1.260457311           -5.20417182
141  1.127969209  0.812268305  1.728752159           -3.27917865
142  3.382140278 -2.744262055 -0.874829179           -1.45502842
143  3.956474583 -5.603382610 -4.962841322            4.65656343
144 -2.066522266  6.383908618  2.963692178           -5.15687847
145  5.101578285 -2.818060394 -1.817926341            2.43591088
146  0.840499723  0.082157608 -2.411402586            0.56835464
147 -0.908497309  3.497876386  4.795066376           -5.46663615
148  5.321375874 -6.090988271 -4.183089113            8.49078464
149  4.535564256 -2.403946118 -2.477991130            1.69068750
150  4.546512862 -4.413253412 -3.734682007            4.65640225
151 -0.147942571  1.605467746  0.295432849            2.16568804
152 -0.178499265  2.642293391  1.162912476            2.63298200
153  0.926120682 -0.006537082  1.283052656           -0.33085387
154  4.871465911 -5.396843312 -3.410242383            5.24872772
155  7.776980861 -8.364707937 -8.228762732            8.75509409
156  0.335302399 -0.220728053  2.937376714           -3.16748584
157  1.434713851 -1.135745441 -0.839356816            1.11154844
158  1.025175329  0.025871953  0.722766271            2.18623367
159  2.660953633 -0.216217130  1.365538059            0.38556322
160  1.501843901 -0.499541969  0.883666343            1.76951172
161  2.325421876 -3.333798194  4.295586562           -2.66834956
162  1.051240531  2.399701415 -0.972482971           -0.94785226
163  3.969796446 -3.939211169 -2.598817020            2.61796922
164  1.577027625 -0.183674252  0.844186370           -1.57704758
165  4.448481462 -0.488741443 -3.565478483            1.99199746
166  0.003083351  2.510084444  1.391271349           -2.73157196
167  2.662286611 -4.974612805 -1.215746385            3.00775817
168  1.340853060  0.699252910  5.277878737           -3.94591573
169  1.882733732  1.838824351  3.107051976           -5.99496602
170  0.546323528 -0.395591901  0.640955120            0.98667181
171  0.671652719  0.113277727 -2.411333883           -0.34657029
172  0.263421439  0.231521361  0.629239191           -0.41798283
173  2.728146865 -0.922478143 -2.698675668            3.53082514
174  0.587200185  3.327821349  1.123786160           -4.65377774
175  1.947343327 -0.074260959 -2.099746916            4.11783547
176  0.498139319  2.135387007  3.670817882           -1.89976940
177  3.831144008 -1.021328839 -2.413513631           -1.65049691
178  3.432936617 -0.939933279 -2.362011437            3.09574743
179  4.983863713 -0.519516936 -2.379639076           -0.08130598
180  1.720461615 -2.449741357 -2.394894558            8.31090837
181  5.145432605 -5.551372497 -1.314822466            2.75600453
182  2.407546323 -1.241719619  3.105497551           -0.35097171
183  2.820225860  0.081827927 -1.183235042           -1.35003419
184  1.812117855 -1.875254951 -1.624044137           -0.22341568
185  3.669733861 -1.049114688 -1.972868670           -0.22817778
186  4.303976141 -2.599105543 -1.915508616            2.48024788
187  4.625654777 -5.823318800 -2.284977807            0.94981384
188  1.162592814  6.320232656  1.371836752           -4.31049905
189  4.975702716 -2.111515253 -7.180977228            3.34009813
190  3.237553585 -3.163682979 -2.872912939            4.40488593
191 -1.918478221  4.733163039  0.899203829           -0.66237421
192 -0.178645252 -0.207304688 -1.625269027           -0.48067507
193  2.494884664 -2.711261883 -1.014333794            0.59069174
194  3.494439896 -5.151855627 -0.741657899            4.05215106
195  3.229751316 -1.075954609 -3.830420088            2.06528033
196  0.847689596 -1.207935270 -1.728308383            1.35757037
197  2.203235966 -2.462950527 -5.211060890            6.56516998
198  0.303233880  1.580513178  1.156303140           -2.14116194
199  3.026354455 -2.072662799  0.044513766           -1.99629805
200  2.592002500 -3.038041507  1.513947793           -2.55317515
201  6.532601236 -4.494232159 -4.364400884            3.84295473
202  4.366938071 -0.628308265 -1.853383446           -1.08478974
203  3.656276734 -1.800601585 -2.437790388            3.08939415
204 -1.134076336  4.223901306  0.300334908           -0.97502091
205  4.189904458 -2.763995358 -2.010471305           -0.16521564
206  3.006642124 -1.707798100 -0.588531209           -1.93679440
207  1.470272562 -0.453496045  4.971206310           -4.89601470
208  3.886528248 -1.370502088 -0.009899698            0.48409652
209  3.644237135 -3.114376902 -1.587046484            2.26881914
210  5.197749991 -2.937850364 -6.300587042            8.53999253
211  1.746421971 -1.416596440  0.681717680           -1.25635600
212  1.000306197  4.116202549 -1.654353814           -2.47265673
213  1.253328446  1.888367472  2.023268734           -2.21449355
214  2.291240523  0.219832027 -0.498286525           -2.06071214
215  0.246023715  0.316656306 -0.127466711           -5.48465978
216 -2.410342408  3.794354404  2.955679927           -4.57413663
217  0.685255984  1.137457896 -4.205459335            5.21196636
218  5.165213562 -2.097107945 -3.728260724            2.34602126
219  5.178567045 -2.892010353 -3.030632494            1.87081650
220  2.310662466 -1.857443055 -0.675977993            2.96761304
221  0.900366933  2.342373075  1.213461317           -3.44731696
222  2.702381854  3.604489590 -1.350901435           -0.70345440
223  3.111638990 -1.864781262 -0.987291307            5.24732290
224  3.535285863  0.434765376 -0.021329221           -2.61624695
225  3.218587453 -0.297871715 -1.641754512            0.33786896
226  0.352695438 -0.959536252  1.327361741           -2.25053158
227 -0.475798298 -1.193459217  0.958355892            0.98650701
228  2.910722398  0.859268714 -1.048431671            4.31377278
229  3.964345814 -5.080401798 -5.321979442            6.49920915
230  1.357275694 -1.620949322  2.520545655           -0.26655036
231  2.613908993 -6.516288491  0.563704979            7.09885010
232  0.301884818  1.773515543  1.438989160           -3.32798838
233  1.161168432  2.670453738 -2.380898316            1.23699393
234  3.599238213 -3.925855845 -1.975700478            4.31985432
235  1.554325440 -2.630503421  2.985133942           -1.90880767
236  1.143579804 -1.283119125 -0.411133104           -0.39913247
237  1.971384261 -3.299622375 -0.067428220            3.54395695
238  3.333582108 -4.441162586 -0.232539948            6.38040568
239  1.322339611 -1.303606209  1.518657412           -2.14443255
240  2.946866363  0.618944139 -0.783952524           -1.32855408
241  4.693962917 -3.832423266 -4.385159535            6.97304744
242  4.263123039 -1.971016331 -4.619206068            0.79075287
243  1.735307044 -4.430069218  2.791277787            0.66281648
244  5.529017480 -3.830888698 -4.561966516            4.97317920
245  4.345321107 -5.014168795  2.940264229           -4.71449693
246  2.565875378 -4.065773858  1.395433978           -1.95091731
247  0.930175157  1.092623746  0.113100560           -2.24681747
248  3.736792013 -7.756575341 -0.943731246            6.19438847
249  2.229277447  0.129399763  0.445685010            0.72038531
250  1.876412874  2.915410404  0.354503697           -2.19922389
251  1.314930107  2.752308371 -0.083517125           -2.85170026
252  5.029419080 -2.948021878 -4.265881916            1.98028780
253  0.238864075  0.928456635 -0.253113729           -0.57050601
254  3.163303121  2.273087903 -3.775417714           -0.28875668
255  1.572479514  1.087537456 -3.439834698            1.02054853
256  1.696069712  3.213799895 -1.257702076           -4.23220119
257 -1.393812842  0.531142729  0.515243528           -1.88057365
258  4.011753986 -3.241698503 -3.198469467            5.53030761
259  0.670677724 -1.313171288 -3.773131443            8.35863143
260  4.953553435 -3.984531830 -0.079474225            0.05326380
261  3.953164064 -1.430648476 -2.475201003            1.68316659
262  4.735707965 -2.748972920 -2.344001560            0.91014775
263  1.020598641  2.827261671 -0.456919477           -3.57477886
264  4.467818064 -2.126744639 -2.931507798            0.27315665
265  4.681037170 -2.384229193 -5.132072711            2.83187035
266  3.118943858 -2.138051344 -2.233984824            1.61305929
267  1.461559282 -0.570804092 -3.104561964            5.65498416
268  6.500234206 -5.849598786 -2.998245071            1.47568875
269 -1.832186308  2.789789046  5.054484678           -6.29265844
270  2.529684442 -1.555347614 -1.089516556            0.14263704
271  5.783929535 -1.914740352 -0.911273368           -2.35648278
272  0.309490692  0.562018115  2.379972785           -2.77933178
273  2.208157571 -3.298892785  2.383995410           -0.57824448
274  3.533265765 -4.140750294 -3.329653539            6.03820798
275  4.137647946 -4.948552141 -2.382947387            4.86120016
276  3.649413620 -2.084652951 -1.498327175            2.30899197
277  0.734778868  1.496726693  1.493473703           -3.75675877
278 -0.127802970 -0.297351352  1.954345857           -1.49149200
279  1.785893948  0.436900542 -0.167940974           -0.11669884
280  3.151609568 -0.486632314 -0.221861746           -2.07869775
281  3.010216925  0.225331930 -1.573347922           -1.77222113
282  3.270476877 -1.365263574 -1.651111519            0.74587817
283  1.457898790 -0.783609600 -0.313732576            4.29077559
284  1.811878195 -0.632586199 -1.018819765            0.46869258
285  2.302748088  1.135013126 -3.069753195           -1.32602187
286  4.171325956 -1.164979885 -3.595300517            1.92237101
287  1.811596424  1.537168742  1.423470487           -8.50192777
288 -1.250680918  2.358365264  4.098057939           -5.28881126
289  2.089962512 -2.811089881  2.003032543            4.81351259
290  3.078637692  1.721497408 -4.199732635           -0.17563662
291  0.988658063  0.603995353 -0.038448608            1.35440995
292  3.052077339 -0.696803191 -6.750399685            5.54971967
293  2.131175751 -3.205528904  0.314481445            3.58906543
294  0.789887235  1.180842159 -0.530725393            0.69628240
295  5.888448562 -2.060625526 -5.153642994            0.53388993
296  2.040736080  1.569858302 -2.231039376           -2.15724969
297 -2.281006980  0.310097776  4.960466527           -1.47149970
298  5.374196276 -5.612795703 -4.351870394            4.39457806
299  6.171541372 -7.404829012 -4.706040931            6.32747757
300  4.082273617 -3.664032323 -2.058130744            3.84769761
301  0.322010742 -0.821750200  1.385709723            6.21140427
302 -0.302275309 -0.989079676  1.137195046            2.17643591
303  2.669026349 -2.410023080 -1.388346755            1.07121032
304  2.782916932  1.933227511 -1.749020446           -2.46478162
305  3.009744461 -4.565804915 -1.683745567            1.64471156
306 -0.549323694 -1.072720345  2.766571281           -1.59956496
307  2.301546941 -1.554709996 -0.209041860            0.59605255
308 -0.722695614  3.111027987  0.608775938           -4.73310683
309  4.177169265 -4.007320472 -5.951415689            8.81918067
310  0.140141822  2.783584670  1.648823588           -2.45809866
311  3.559363629 -3.598714258 -2.887835163            6.43145864
312  0.683655038 -5.831710330  2.499815942            2.36929509
313  4.599178529 -3.528335678 -4.909410534            3.61726464
314  0.103397991  0.788938688  1.773253221           -3.20659570
315  1.982271559  0.506074943  2.848380841           -2.51308535
316  0.760608286  4.142750695  1.533796064           -8.70173468
317  4.687841298 -4.381604720 -1.065227709            3.87617070
318  2.374984387 -2.466103867 -4.143670769            7.70953968
319  4.458977575 -0.988762144 -3.742135608            1.76529347
320 -0.353048162  3.198632633  3.277515995           -7.36193120
321  1.224613833  2.315692644  0.254388301            0.29305108
322  0.986936320 -1.504800833  1.296004850            0.24038921
323  4.389449064 -3.630269810 -0.437534034           -0.36462209
324  5.267245124 -1.702534922 -4.149150957            2.05079414
325 -0.164988855  1.437558456  0.873557148            0.63539195
326  1.497732551  0.154455519  0.541285318           -3.95544582
327  4.818722501 -4.534885942 -3.024466301            2.81339871
328  3.924916559 -4.298808685 -1.051997029            1.17254632
329  1.060387963  0.156683780  0.096288398           -2.77394033
330  0.703900636  1.666188957  1.872290083           -2.78870121
331  2.575090243 -4.119960738 -0.116485728            3.86975020
332  0.872683870 -0.153779756  1.204956398            0.81285876
333  1.695169331  1.410752062 -1.605913987            0.90088482
334  0.954115162  0.689911396 -1.489852439            2.18721681
335  4.385523963 -3.154998740 -1.108621020            3.34168137
336 -1.989659882  1.555459212  2.551898658           -0.51296426
337  1.583201561 -1.710090668 -0.098288462            4.01051916
338  4.836081403 -0.333490155 -4.676399073           -1.29687705
339  0.343634934 -0.544803805  0.926049552           -0.53943039
340  1.144726631 -2.078388162  5.267557471           -2.89269604
341  3.288007899 -1.841005009 -1.516276997            2.31516558
342  2.942155705 -3.157245224 -0.828448151            5.17276804
343  3.152251448 -2.266360653 -2.588625047            4.76953204
344  5.878122696 -5.941484205 -3.549653391            1.82311161
345 -0.507435058  0.833839631  1.990550028           -1.97042348
346  1.355882254  1.520867099  1.183969187           -5.75036353
347  2.478973915 -2.949899721  0.037382209           -0.46408063
348  1.328543600  1.700408806  0.299508650           -6.00262866
349  5.216060299 -2.881865944 -9.266924245            8.03888722
350 -0.037728883  2.653846279  3.680168507           -2.66378179
351  0.011815537  4.658450329  2.046032317           -2.42312918
352 -1.302620371 -1.403911308  2.129148842            1.03599890
353 -0.539906724  1.572774872  1.205498100           -0.20855280
354  1.559649473 -0.403397929 -1.133665981            2.29216677
355  1.737687743 -1.623175529 -3.808170681            6.16914286
356  4.964592283 -2.715425319 -2.334532667            1.06787106
357 -0.025026582  2.174457141  1.325390546           -4.31790011
358  0.455795254  1.268688686  3.630837454            0.06843493
359  2.879933292 -1.384884952 -0.915584343           -2.42066894
360  3.361819663  0.362890378 -1.468009855            1.00293597
361 -1.496977538  2.732171918  3.645020547           -3.12566307
362  1.476500300  1.203345809 -0.882072569           -1.61563531
363  0.783890602  1.770144387 -1.765161801            1.31924797
364  2.612182238 -1.258153535 -1.364237543            2.00345211
365  1.395564054  2.513130238  2.506563209           -4.04319527
366  0.046996726  2.675881177 -0.418393701            1.15735671
367  2.147844930 -4.213263811 -4.833475999            7.67681034
368  1.228044865  2.609259731 -0.395716225           -2.33155642
369  3.670573919 -6.239431370 -4.319463228           10.46083256
370 -1.683289688  1.388526138  3.027746871            1.18397689
371  0.655979294 -0.746181989  3.033872214           -4.41853532
372  5.538622019 -5.700527910 -2.857786500            7.24757023
373  0.518420738  1.936722860 -0.118095704           -2.53356725
374  2.818167259  3.177439132 -2.665178026           -6.67652444
375  3.275692193 -1.421148522 -2.560059061            2.90708933
376  3.060600752 -0.125185286 -7.317645947            6.56482188
377  2.080348624 -3.181201990  0.433432987            0.46522944
378  0.436336160 -1.388360118  1.458157870           -0.97161406
379  2.595708406  0.583291200 -1.364491136           -3.03290720
380  4.655093730 -4.720425660 -3.989571186            7.29761771
381 -3.803905481  5.382201701  3.403083262           -4.31631242
382  1.283757967  3.954997785 -2.134855041           -3.20267809
383  1.743126291 -0.149295861  2.235717464            0.41056502
384  2.201466809  0.718582460  0.862339365           -3.04197724
385  4.155019127 -3.792494365 -3.995972107            1.21702599
386  1.378929696  2.338717560  1.370077022           -6.13717393
387  1.012961769  1.530455192 -0.630917079           -2.09605599
388  3.037082950  0.631147635  1.692883030           -4.99129553
389  3.693502548 -3.915769175  2.953583863           -0.60950705
390  5.144054426 -1.288298437 -3.063183517            4.53120097
391  2.615535878 -2.185121076  3.816732244           -1.87725810
392  0.797969953 -1.604594308  0.601751840            1.36975337
393  5.050122856 -0.164162922 -6.926131757            4.70180678
394 -0.238987798  2.467092433 -1.186010259           -1.92378411
395  3.060324123 -4.217030919 -1.787104139            2.51071757
396  2.325717158 -1.035116558  0.360667378           -1.65648851
397  1.120046232  2.308980429 -2.440430607            2.76480772
398  3.487461312 -4.392945759 -3.487092832            2.91796062
399  3.110103944 -1.063923406  0.503766689           -4.42009772
400  0.982787843  3.699990209 -2.388737645           -1.72047570
401  5.996635600 -2.423272679 -5.147852090            8.25001709
402  2.547085292 -1.589918629  0.279468622           -1.31299688
403  3.620391829 -0.234136390 -2.830098587            4.02401447
404  5.141040176 -2.485922662 -0.977346803           -0.21131395
405  3.908152064 -1.638496361 -2.213833064            0.48387494
406  4.071463410 -1.461721426 -1.295590170            0.05457694
407 -0.855001765  2.108835256  1.149242720           -0.43267923
408  0.999830170 -0.152586531  3.147416672           -1.59244408
409  0.551224045  2.741096084  0.818759286           -3.15660489
410 -0.916885939  4.160366196  2.088483775           -3.90084663
411  1.267398246 -1.203670277  1.413898007            2.03470910
412  0.900192626  0.044437996  3.430870761           -6.07808739
413  0.426675022  3.654867637  0.160695274           -6.52246163
414  5.336466651 -7.921222548 -6.853953849           11.79962533
415  2.228767271  0.246387884  0.163667346           -0.65234442
416  3.087814857 -6.655452858 -1.032880409           10.90980158
417  2.410425869  1.736127836 -1.868264435           -1.98690735
418  2.606727484 -0.541489714  2.125601961           -4.03266545
419  3.714286047 -3.207324587 -1.418259830            3.30361143
420  0.106878926  0.236545561  2.478646049           -5.60195751
421  0.777038034 -0.375407111  0.504315469            0.37927808
422  1.738652666  0.923635993 -0.312574579           -0.38428022
423 -0.044606099 -1.208111599 -2.119454793            4.18753317
424  2.752509233 -3.407955636  4.812448288           -0.61045211
425  3.448900702  0.122418883 -2.513776122            2.10123365
426  2.854461376  0.475866412  2.155236929           -1.78406119
427  0.665924131  2.244087372  3.845931481           -5.00444257
428  0.391549780  1.845187773 -1.573868761           -1.28522502
429 -1.646532912  3.856172044  0.725664211           -3.67582693
430  6.713830682 -4.405009283 -5.408557707            3.22590755
431  2.831651131  0.466560709 -2.086564321           -0.56694830
432 -0.583333257  1.205951035  3.965142860           -4.19667012
433 -0.057098755  1.694527256  0.098607793           -2.53341042
434  5.257028641 -4.068405572 -3.872252813            1.12314864
435  4.189675083 -4.630434470 -1.928224886            6.10643885
436  0.525025926  1.549213872 -0.842806807           -0.71614368
437  3.101242899 -4.261074875 -4.890361539            9.49411110
438 -0.838817953 -0.712620166  1.844551184           -1.71502618
439  5.456803945 -7.488866378 -3.133229891            4.50816030
440  2.646073590  0.212994763 -1.294391110           -1.24608125
441  3.164808801  0.212646869 -2.214019175            2.22493953
442  0.354833283  3.235106007  1.654469757           -4.71923524
443  2.222023123 -0.055114939  0.099131108           -2.86111989
444  3.629137167 -1.856562854  3.669394401           -5.45926861
445  3.875197776 -2.220125516 -0.682158874            0.14697248
446  4.681954247 -0.562300103 -0.645505124           -2.59136313
447  4.931492265 -6.854547286 -6.268815198            8.15430360
448  2.256842178  1.016044941 -1.928816708            0.53886132
449  4.352258761 -2.868546646  0.237544557           -0.71601042
450  3.633757030 -3.883109919 -1.995584135            4.87820065
451  0.946120356 -1.913074137  4.551542795           -1.43072572
452  4.460404178 -2.475303351 -3.022157659            1.91775167
453  3.628970456 -3.055051693 -3.626099859            2.23820805
454  1.759847101 -0.476151715  1.846919239           -0.06476541
455  3.147676799 -5.251265536 -0.747178351            5.15265645
456  1.195746152 -1.395880413  1.080676701           -0.27492524
457  4.721471550 -4.075602704 -5.208551485            9.06250151
458  3.968274532 -1.900456754 -1.178955746           -0.89812255
459  2.796059471 -1.594913490  0.628657840           -0.87780353
460  2.261114999 -1.697801722 -1.214025600            1.44420956
461  1.949065197  2.726037064  0.738618099           -3.03561244
462  4.058589051 -3.496775262 -2.067221699            2.43873593
463  3.667746417 -2.153392680 -2.643719997           -0.73212539
464  0.182262766  1.169093963  0.701000176           -3.62762657
465  3.065299376  0.199378284  1.366310709           -0.03727890
466  2.921816520 -2.411293208 -1.987205795            3.67627094
467  1.803704171 -1.086750599  2.596132305           -4.66991775
468  2.453592402 -6.161303587 -2.957362546            6.25876675
469  1.706509009  1.000527796 -0.014771924            0.60437769
470  1.676989524 -0.185242710 -1.275806363            0.85883696
471  0.823612567 -0.224907734  1.063660473           -0.92851764
472  1.459085062 -2.678507588 -0.108538266            1.18697473
473  0.723296839 -1.758500244 -0.744537199            6.91530829
474  1.668657152  0.818831709  0.487645826           -1.57544979
475 -1.253494570  1.081135360  2.436279023           -4.62332921
476  0.713316531  0.218894120 -2.658934398            4.21153154
477  2.161833473 -2.750776694 -1.062479567            2.15940157
478  1.944994185  1.704217285 -2.390976685            2.15908630
479  5.392997750 -2.928611216 -3.756261907            2.15542844
480  2.508014685  1.316852113 -1.889839214           -1.81373385
481  8.188867061 -9.068396611 -5.812725534            4.73469795
482  2.457330781 -2.165866510 -1.849449806            3.89451154
483  5.245524135 -8.726997798 -3.775971861           10.86623630
484  2.883805036 -2.673310997 -0.451855000            4.12197623
485  1.806311313 -1.115773061 -0.666001248            0.29880913
486  5.549791723 -1.346753707 -3.081204334           -0.84078629
487  1.166414773 -0.344808998  3.361588640           -5.01743318
488  0.294300454  2.024548616 -0.699012433           -4.06249363
489  3.077267972 -0.529473996 -1.552091601            2.13570845
490  5.229815932 -3.819423799 -3.205614066            5.02039915
491  3.408465593 -3.650851552  2.382925781           -0.07306092
492  3.991824634 -2.495749486 -3.783133392            6.61241517
493  0.919861723  1.549442880 -1.509796852           -3.09736211
494 -2.546872284  6.843681903  3.030680599           -6.52295210
495  0.234752909  4.670178724  1.548209469           -5.63989781
496  2.654333218  0.062471273 -0.525751079           -5.37162414
497  4.517794813 -6.081129872 -3.054260439            7.39439357
498  4.611165349 -3.137687357 -3.304546845           -0.71344479
499  6.326981492 -6.115125076 -4.325537396            5.42425203
500  7.935112608 -8.721766736 -4.098022326            4.72197951
501  1.655013295 -3.179623181 -0.771322153            0.25196952
502  2.524692908 -0.234254624 -2.878303398            2.24715518
503  5.729567193 -2.612937470 -3.912757647            3.93636015
504 -0.916251119  5.811474192  7.286336032          -10.16325342
505  0.552833509  2.347754562  3.839242768           -6.66389536
506  5.596463679 -4.331341176 -2.169973627            3.72514145
507  3.332299669 -1.431713250 -0.032222261           -0.83568570
508 -0.607204624 -3.970696438  1.066347686            8.96158054
509  0.841339221  1.156913515 -0.389578144           -0.21947659
510  0.163162048  1.955530486 -0.550804875           -0.37043863
511  4.027312361  1.092879608 -4.778165904            0.35429622
512  0.594818311 -0.232288671  1.070941037            0.10699225

$Subject
   (Intercept)   RaceWhite   Fixforehead RaceWhite:Fixforehead
1   5.31397385 -0.14648220 -1.5845011461          -0.514449158
2   1.99220722 -0.74045003 -0.7816138674          -0.354376271
3   5.31920634 -2.11679129 -1.1365052219           1.809854450
4   2.19663540 -0.17148194 -1.0985495512           1.147437787
5   4.14778873 -0.73484035  0.0002606519          -0.173461092
6   2.29796666 -1.33882771 -1.3744668756           1.105815392
7   3.06322400 -1.71497982 -1.9259921296           2.644622943
8  -2.20678301  1.75314602  0.9499170262          -2.047502565
9   3.92712615 -1.57125423 -2.2043757702           1.547231169
10  2.81302913 -0.88998845  1.0915792474           0.440607119
11  2.55309796 -1.66654025 -0.8082848469           0.609847517
12  1.36089303 -0.15675262 -0.5493329975           0.351711804
13  0.53235606  0.06037501 -1.7442909804           1.558503170
14 -1.29556753 -1.00618175  0.3806725372           1.783208349
15  3.89777239 -1.84066648 -2.1456876779           1.671652030
16  4.52140583 -0.59454020 -0.8891414988           1.951610419
17  0.14765022  0.90314296  0.6507518390          -2.449184809
18  4.41935198 -4.65702045 -0.3955064140           0.646907808
19  4.41178231 -0.73772985 -0.7528175239           0.893538804
20 -1.10372621 -0.67189362  0.3054357484          -0.543223191
21  0.70980305  0.14506678 -0.5784836138           0.633467244
22 -2.48967035  0.84780564  1.5196592567          -1.397367385
23  5.48896469  0.47577739 -1.7582058690          -0.059248706
24  4.55732991 -0.99961308 -1.6069961353           0.231202738
25 -1.05097487 -1.46139522 -3.2586592536           0.816161079
26 -2.93781816 -1.27043953  0.2627551076          -0.327086064
27  0.91722842 -0.03673491  2.7605163845          -0.611666413
28  3.15621001 -0.61713545 -1.7782423058           0.523930405
29 -2.31180961 -0.77647851 -0.0338444176          -0.150028330
30  6.04215158 -0.30830784 -0.9980656035           0.111545419
31  4.32083872 -0.63461984 -2.4400185282          -0.080560959
32  3.91071471 -1.39464177 -1.8422476487           1.614883908
33  5.20636624 -0.50140427 -3.1140262903           2.707984454
34 -3.69657874 -0.82910994 -0.9899915403           0.137814165
35 -2.05565630 -1.03597415 -0.5539172461          -0.008038372
36  2.62382645 -0.47057431 -1.0604885310          -0.253276979
37  4.24080111 -0.15187394  1.2297861002          -1.016103216
38  7.61836289  0.26579314 -1.1061817426          -2.856923111
39  5.85224095 -2.17654283 -2.7003969228           4.166838600
40  4.49070425 -0.67079988  0.5498948093           0.257794760
41  5.36655086 -1.29391564 -3.3334557348          -0.496507697
42 -0.10211662 -0.57909892  0.7855408901          -0.676545342
43  7.01103670 -3.18444626 -2.5042303379           2.310239701
44  2.17729841  0.15968386  0.9814775281          -2.148889795
45  0.96600899 -0.74235571  1.4957462071           0.019065770
46 -0.15700357 -0.91345325  0.3557205891          -0.434643059
47  1.92373032  1.41177760 -3.0124503392           1.040008449
48 -1.00449887 -1.40931354 -0.1043762178          -0.110048050
49 -0.14069478 -0.56954016  0.5698706093          -0.380707145
50  2.30082651 -2.67381815  1.6919061936           2.485484147
51  0.74592842 -1.37481164  0.5302832715          -0.059941144
52 -1.54050891 -0.70488371  1.4111853616          -0.851331835
53 -0.02435864  1.08524083  0.4008725807          -1.220164660
54  4.66948282 -1.00463742 -0.1698771389           2.074690215
55  1.83148265 -0.49172425  0.3201916465          -2.010498784
56  2.48650520 -0.50761453 -4.1221366978           0.884951791
57  2.87490329 -0.28889280 -0.3662353132          -0.124580545
58  0.38409604 -1.78118483  0.2834036136           1.861562621
59  3.22194992 -1.00474314 -1.1445087022           0.812013764
60  2.01409136 -1.81202940  1.1082212812           0.830640611
61  1.56505526 -2.54104070 -2.0507075976           2.698119873
62  2.32822572 -1.92038815 -0.6334920831           0.598942359
63  0.26663425 -1.30952498  0.0163747407          -0.912343634
64  0.59129235 -2.01100453 -0.8965235403           1.894386993
66 -0.44120125 -0.55931945  0.6147577035          -0.209113262

$Electrode
    (Intercept)  RaceWhite Fixforehead RaceWhite:Fixforehead
C3     2.039006 -0.8563384  -0.6043392             0.3753302
C4     1.716564 -0.8563384  -0.6043392             0.3753302
CP3    2.013819 -0.8563384  -0.6043392             0.3753302
CP4    1.790201 -0.8563384  -0.6043392             0.3753302
CPZ    2.246214 -0.8563384  -0.6043392             0.3753302
CZ     2.295136 -0.8563384  -0.6043392             0.3753302
PZ     2.137829 -0.8563384  -0.6043392             0.3753302

attr(,"class")
[1] "coef.mer"
[1] "________________________________________________________________________________________________"
      AIC       BIC    logLik  deviance  df.resid 
1399672.8 1399937.6 -699810.4 1399620.8  196142.0 



