Linear mixed model fit by REML 
t-tests use  Satterthwaite approximations to degrees of freedom ['lmerMod']
Formula: MeanAmp ~ Race * Fix * Trial + (Race * Fix | Subject) + (1 |      Electrode)
   Data: dat

REML criterion at convergence: 1406843

Scaled residuals: 
    Min      1Q  Median      3Q     Max 
-7.0177 -0.6341 -0.0050  0.6262  6.6797 

Random effects:
 Groups    Name                  Variance Std.Dev. Corr             
 Subject   (Intercept)            6.87619 2.622                     
           RaceWhite              1.14832 1.072    -0.21            
           Fixforehead            2.19380 1.481    -0.43  0.20      
           RaceWhite:Fixforehead  1.88920 1.374     0.24 -0.58 -0.48
 Electrode (Intercept)            0.04972 0.223                     
 Residual                        75.89512 8.712                     
Number of obs: 196168, groups:  Subject, 65; Electrode, 7

Fixed effects:
                              Estimate Std. Error         df t value Pr(>|t|)    
(Intercept)                  1.157e+00  3.451e-01  7.500e+01   3.354 0.001252 ** 
RaceWhite                   -5.098e-01  1.730e-01  1.290e+02  -2.946 0.003819 ** 
Fixforehead                 -1.372e-01  2.147e-01  1.000e+02  -0.639 0.524213    
Trial                        3.301e-03  2.695e-04  1.959e+05  12.251  < 2e-16 ***
RaceWhite:Fixforehead       -9.030e-02  2.315e-01  1.420e+02  -0.390 0.697072    
RaceWhite:Trial             -1.320e-03  3.791e-04  1.958e+05  -3.483 0.000496 ***
Fixforehead:Trial           -1.592e-03  3.806e-04  1.959e+05  -4.184 2.86e-05 ***
RaceWhite:Fixforehead:Trial  1.570e-03  5.363e-04  1.958e+05   2.928 0.003412 ** 
---
Signif. codes:  0 ‘***’ 0.001 ‘**’ 0.01 ‘*’ 0.05 ‘.’ 0.1 ‘ ’ 1

Correlation of Fixed Effects:
            (Intr) RacWht Fxfrhd Trial  RcWh:F RcWh:T Fxfr:T
RaceWhite   -0.258                                          
Fixforehead -0.434  0.295                                   
Trial       -0.197  0.392  0.316                            
RcWht:Fxfrh  0.247 -0.635 -0.549 -0.293                     
RaceWht:Trl  0.140 -0.552 -0.224 -0.711  0.413              
Fixfrhd:Trl  0.139 -0.277 -0.447 -0.708  0.414  0.503       
RcWht:Fxf:T -0.099  0.390  0.317  0.502 -0.583 -0.707 -0.709
[1] "________________________________________________________________________________________________"
$Subject
   (Intercept)     RaceWhite  Fixforehead       Trial RaceWhite:Fixforehead RaceWhite:Trial
1   4.36833786  0.2199398770 -1.084859477 0.003301026           -1.13758149    -0.001320309
2   1.23478329 -0.7700793831 -0.601162615 0.003301026           -0.20901122    -0.001320309
3   4.46251557 -1.9781810332 -0.769689184 0.003301026            1.38322178    -0.001320309
4   1.23044374  0.0891307247 -0.513594655 0.003301026            0.89751540    -0.001320309
5   3.17391974 -0.3616512842  0.370218376 0.003301026           -0.32618941    -0.001320309
6   1.28474281 -0.6601247521 -0.549553875 0.003301026            0.30157491    -0.001320309
7   1.90656317 -0.8413842938 -1.007805621 0.003301026            1.56036064    -0.001320309
8  -2.76474805  1.5668734317  1.075143113 0.003301026           -1.74060053    -0.001320309
9   2.79249314 -0.6705216952 -1.255412987 0.003301026            0.35342318    -0.001320309
10  1.93004486 -0.3446336024  1.436140111 0.003301026           -0.24567499    -0.001320309
11  1.57564899 -1.4996233911 -0.465694625 0.003301026            0.61427324    -0.001320309
12  0.69112112  0.0006529538 -0.105486885 0.003301026           -0.02917427    -0.001320309
13 -0.46095425  0.5306157038 -0.879091943 0.003301026            0.75783985    -0.001320309
14 -2.24996981 -0.7673548387  1.031849469 0.003301026            1.32895130    -0.001320309
15  3.07053949 -1.4129965972 -1.839628683 0.003301026            1.27514324    -0.001320309
16  3.48874352  0.0431886965 -0.322298311 0.003301026            1.08171813    -0.001320309
17 -0.41449871  0.7700223035  0.901841890 0.003301026           -2.30188981    -0.001320309
18  3.47046718 -4.1157272084  0.324012579 0.003301026           -0.10951766    -0.001320309
19  3.52143911 -0.3585746669 -0.291627348 0.003301026            0.10521706    -0.001320309
20 -1.97588608 -0.3443983704  0.740556721 0.003301026           -1.05290360    -0.001320309
21 -0.01573244  0.3072004568 -0.029840051 0.003301026            0.22028803    -0.001320309
22 -3.25210938  1.1083331349  1.836919115 0.003301026           -1.54335505    -0.001320309
23  4.53664980  0.6141076615 -1.189333862 0.003301026           -0.35397970    -0.001320309
24  3.64475131 -0.4226375914 -1.171772135 0.003301026           -0.37338803    -0.001320309
25 -1.89351743 -1.1336568981 -2.890467298 0.003301026            0.38182188    -0.001320309
26 -3.86329261 -0.9049673413  0.564009392 0.003301026           -0.25492603    -0.001320309
27  0.16011885  0.3320508003  3.369022491 0.003301026           -1.29997412    -0.001320309
28  2.21549711 -0.3448848551 -1.323891707 0.003301026            0.15566450    -0.001320309
29 -3.38454068  0.0161175230  0.529898284 0.003301026           -0.98944713    -0.001320309
30  5.30425277  0.1106283521 -0.613427242 0.003301026           -0.44448496    -0.001320309
31  3.46305498 -0.1080563613 -2.098707282 0.003301026           -0.87801751    -0.001320309
32  2.87124971 -0.7757579433 -1.236631652 0.003301026            0.63574365    -0.001320309
33  4.58928048 -0.5734638967 -2.756797569 0.003301026            2.31199198    -0.001320309
34 -4.46856694 -0.6196529533 -0.729261277 0.003301026            0.07754002    -0.001320309
35 -3.01276649 -0.6185926703  0.008272882 0.003301026           -0.74562211    -0.001320309
36  1.47235232 -0.1322218155 -0.232939586 0.003301026           -0.54541400    -0.001320309
37  3.26960668  0.0751026574  1.840832443 0.003301026           -1.56596311    -0.001320309
38  6.98822682  0.4343503922 -0.942902907 0.003301026           -2.76926864    -0.001320309
39  4.96454987 -1.7697776336 -2.306054171 0.003301026            3.51429791    -0.001320309
40  3.47344368 -0.2678226098  1.139208030 0.003301026           -0.23093571    -0.001320309
41  4.59668108 -0.9760878314 -2.888439212 0.003301026           -0.72018997    -0.001320309
42 -0.86736541 -0.1838661702  1.079106590 0.003301026           -1.07697961    -0.001320309
43  5.94593514 -2.5886752743 -1.805456239 0.003301026            1.39749613    -0.001320309
44  1.23746601  0.6013827008  1.437659023 0.003301026           -2.68004204    -0.001320309
45 -0.08359790 -0.2142265107  1.926512086 0.003301026           -0.74589699    -0.001320309
46 -0.88982431 -0.4150241903  0.682647194 0.003301026           -0.92128821    -0.001320309
47  1.18073761  1.4357615081 -2.664823744 0.003301026            0.83039593    -0.001320309
48 -1.93582894 -0.8494360850  0.104332211 0.003301026           -0.63918865    -0.001320309
49 -0.96845724 -0.0842071192  1.136968666 0.003301026           -1.01608608    -0.001320309
50  1.52032280 -2.3627352380  2.343649899 0.003301026            1.72190958    -0.001320309
51 -0.13534773 -0.9843362148  1.017506422 0.003301026           -0.71411000    -0.001320309
52 -2.44257290 -0.0947158200  1.928660736 0.003301026           -1.36276157    -0.001320309
53 -0.99528240  1.2496993423  1.069802340 0.003301026           -1.65794044    -0.001320309
54  3.92524436 -0.6248776467  0.172936025 0.003301026            1.30702344    -0.001320309
55  1.00444906 -0.2357407389  0.751684068 0.003301026           -2.38275423    -0.001320309
56  1.57858723 -0.1563226359 -3.581398353 0.003301026            0.29666626    -0.001320309
57  2.31446657 -0.3746257612 -0.164516746 0.003301026           -0.22974450    -0.001320309
58 -0.59571332 -1.3044866609  1.049326870 0.003301026            1.27178410    -0.001320309
59  2.09919911 -0.2947163915 -0.316246059 0.003301026           -0.10684350    -0.001320309
60  1.27843872 -1.6958588552  1.508892817 0.003301026            0.61778717    -0.001320309
61  0.85658411 -2.7852134842 -1.783020056 0.003301026            2.57229297    -0.001320309
62  1.32251069 -1.3091562916 -0.554087655 0.003301026            0.41280062    -0.001320309
63 -0.64199777 -1.2554286024  0.458351851 0.003301026           -1.19432194    -0.001320309
64 -0.23073534 -1.6043917554 -0.696292767 0.003301026            1.48063255    -0.001320309
66 -1.24485170 -0.4514550884  0.907243793 0.003301026           -0.13926682    -0.001320309
   Fixforehead:Trial RaceWhite:Fixforehead:Trial
1       -0.001592395                 0.001570308
2       -0.001592395                 0.001570308
3       -0.001592395                 0.001570308
4       -0.001592395                 0.001570308
5       -0.001592395                 0.001570308
6       -0.001592395                 0.001570308
7       -0.001592395                 0.001570308
8       -0.001592395                 0.001570308
9       -0.001592395                 0.001570308
10      -0.001592395                 0.001570308
11      -0.001592395                 0.001570308
12      -0.001592395                 0.001570308
13      -0.001592395                 0.001570308
14      -0.001592395                 0.001570308
15      -0.001592395                 0.001570308
16      -0.001592395                 0.001570308
17      -0.001592395                 0.001570308
18      -0.001592395                 0.001570308
19      -0.001592395                 0.001570308
20      -0.001592395                 0.001570308
21      -0.001592395                 0.001570308
22      -0.001592395                 0.001570308
23      -0.001592395                 0.001570308
24      -0.001592395                 0.001570308
25      -0.001592395                 0.001570308
26      -0.001592395                 0.001570308
27      -0.001592395                 0.001570308
28      -0.001592395                 0.001570308
29      -0.001592395                 0.001570308
30      -0.001592395                 0.001570308
31      -0.001592395                 0.001570308
32      -0.001592395                 0.001570308
33      -0.001592395                 0.001570308
34      -0.001592395                 0.001570308
35      -0.001592395                 0.001570308
36      -0.001592395                 0.001570308
37      -0.001592395                 0.001570308
38      -0.001592395                 0.001570308
39      -0.001592395                 0.001570308
40      -0.001592395                 0.001570308
41      -0.001592395                 0.001570308
42      -0.001592395                 0.001570308
43      -0.001592395                 0.001570308
44      -0.001592395                 0.001570308
45      -0.001592395                 0.001570308
46      -0.001592395                 0.001570308
47      -0.001592395                 0.001570308
48      -0.001592395                 0.001570308
49      -0.001592395                 0.001570308
50      -0.001592395                 0.001570308
51      -0.001592395                 0.001570308
52      -0.001592395                 0.001570308
53      -0.001592395                 0.001570308
54      -0.001592395                 0.001570308
55      -0.001592395                 0.001570308
56      -0.001592395                 0.001570308
57      -0.001592395                 0.001570308
58      -0.001592395                 0.001570308
59      -0.001592395                 0.001570308
60      -0.001592395                 0.001570308
61      -0.001592395                 0.001570308
62      -0.001592395                 0.001570308
63      -0.001592395                 0.001570308
64      -0.001592395                 0.001570308
66      -0.001592395                 0.001570308

$Electrode
    (Intercept)  RaceWhite Fixforehead       Trial RaceWhite:Fixforehead RaceWhite:Trial Fixforehead:Trial
C3    1.1622244 -0.5098026  -0.1372155 0.003301026           -0.09029782    -0.001320309      -0.001592395
C4    0.8407474 -0.5098026  -0.1372155 0.003301026           -0.09029782    -0.001320309      -0.001592395
CP3   1.1371127 -0.5098026  -0.1372155 0.003301026           -0.09029782    -0.001320309      -0.001592395
CP4   0.9141644 -0.5098026  -0.1372155 0.003301026           -0.09029782    -0.001320309      -0.001592395
CPZ   1.3688126 -0.5098026  -0.1372155 0.003301026           -0.09029782    -0.001320309      -0.001592395
CZ    1.4175883 -0.5098026  -0.1372155 0.003301026           -0.09029782    -0.001320309      -0.001592395
PZ    1.2607519 -0.5098026  -0.1372155 0.003301026           -0.09029782    -0.001320309      -0.001592395
    RaceWhite:Fixforehead:Trial
C3                  0.001570308
C4                  0.001570308
CP3                 0.001570308
CP4                 0.001570308
CPZ                 0.001570308
CZ                  0.001570308
PZ                  0.001570308

attr(,"class")
[1] "coef.mer"
[1] "________________________________________________________________________________________________"
     AIC      BIC   logLik deviance df.resid 
 1406818  1407022  -703389  1406778   196148 
