Linear mixed model fit by REML 
t-tests use  Satterthwaite approximations to degrees of freedom ['lmerMod']
Formula: MeanAmp ~ Race * Fix + Bin + (Race * Fix | Subject) + (1 | Electrode)
   Data: binDat

REML criterion at convergence: 122521.4

Scaled residuals: 
    Min      1Q  Median      3Q     Max 
-5.1577 -0.6313 -0.0119  0.6332  4.2172 

Random effects:
 Groups    Name                  Variance Std.Dev. Corr             
 Subject   (Intercept)           6.84244  2.6158                    
           RaceWhite             1.24275  1.1148   -0.20            
           Fixforehead           2.30865  1.5194   -0.41  0.22      
           RaceWhite:Fixforehead 2.14457  1.4644    0.19 -0.59 -0.51
 Electrode (Intercept)           0.04804  0.2192                    
 Residual                        9.88661  3.1443                    
Number of obs: 23730, groups:  Subject, 65; Electrode, 7

Fixed effects:
                        Estimate Std. Error         df t value Pr(>|t|)    
(Intercept)            1.362e+00  3.394e-01  7.100e+01   4.013 0.000147 ***
RaceWhite             -8.180e-01  1.500e-01  6.200e+01  -5.452 9.17e-07 ***
Fixforehead           -5.165e-01  1.973e-01  6.400e+01  -2.618 0.011031 *  
Bin                    8.629e-02  5.291e-03  2.349e+04  16.309  < 2e-16 ***
RaceWhite:Fixforehead  2.695e-01  1.995e-01  6.100e+01   1.351 0.181688    
---
Signif. codes:  0 ‘***’ 0.001 ‘**’ 0.01 ‘*’ 0.05 ‘.’ 0.1 ‘ ’ 1

Correlation of Fixed Effects:
            (Intr) RacWht Fxfrhd Bin   
RaceWhite   -0.206                     
Fixforehead -0.395  0.250              
Bin         -0.110  0.001  0.000       
RcWht:Fxfrh  0.192 -0.608 -0.527  0.002
[1] "________________________________________________________________________________________________"
$Subject
    (Intercept)    RaceWhite Fixforehead       Bin RaceWhite:Fixforehead
1   4.423563199 -0.181174119 -1.22079273 0.0862872           -0.84605783
2   0.869592546 -0.566866975 -0.44685116 0.0862872           -0.52482968
3   4.808892707 -2.279438196 -1.41271106 0.0862872            1.72082435
4   1.467426500  0.001237349 -0.59494835 0.0862872            0.84325836
5   3.217094492 -0.543924543  0.16051399 0.0862872           -0.24293830
6   1.714828303 -0.855296910 -1.03771159 0.0862872            0.40507427
7   1.798912202 -0.476379341 -1.16298557 0.0862872            1.74790708
8  -2.454303306  1.447092192  0.62508752 0.0862872           -1.56058985
9   3.335048448 -0.830433877 -1.73797349 0.0862872            0.56660583
10  2.109974055 -0.689070414  1.04611848 0.0862872            0.11002277
11  1.801137832 -1.792660938 -0.80074282 0.0862872            0.87400232
12  0.852755315 -0.519724407 -0.52775259 0.0862872            0.62927631
13 -0.454740007  0.408960775 -1.22366678 0.0862872            1.07262168
14 -2.081557029 -1.017695522  0.42546100 0.0862872            1.70138111
15  2.892005305 -1.451031988 -1.88006382 0.0862872            1.43466800
16  3.749036341 -0.384094954 -0.76159285 0.0862872            1.46668049
17 -0.174570313  0.761192298  0.60303525 0.0862872           -2.22566153
18  3.371283291 -4.548081301  0.28205677 0.0862872            0.53479701
19  3.885113402 -0.675627750 -0.90614926 0.0862872            0.61554786
20 -1.661851091 -0.727168492  0.33319545 0.0862872           -0.70224900
21  0.182001981 -0.088836122 -0.47506427 0.0862872            1.02276830
22 -3.028885828  0.933264751  1.61415570 0.0862872           -1.48049012
23  4.627915676  0.362054212 -1.10676670 0.0862872           -0.38915226
24  3.767852474 -0.790163137 -1.58447956 0.0862872            0.28163450
25 -1.709360258 -1.438971640 -3.76446100 0.0862872            1.15188211
26 -3.682920815 -1.128440061  0.14991604 0.0862872            0.43977606
27  0.437315226 -0.101520570  2.88129386 0.0862872           -0.58491556
28  2.276452646 -0.427536129 -1.67440761 0.0862872            0.40373174
29 -3.215878363 -0.561358766  0.08033114 0.0862872           -0.24709311
30  5.557558999 -0.249689737 -0.96525876 0.0862872           -0.05809486
31  3.714469652 -0.281413707 -2.60923490 0.0862872           -0.43826054
32  3.062678183 -1.302464957 -1.69154859 0.0862872            1.32423863
33  4.877450259 -0.810138958 -3.17026239 0.0862872            2.64577467
34 -4.225432944 -1.029706294 -1.20099470 0.0862872            0.51776880
35 -2.525698333 -1.168845678 -0.60803369 0.0862872           -0.06130125
36  1.572401627 -0.374134537 -0.67927272 0.0862872           -0.03836707
37  3.322030604 -0.157151007  1.56358693 0.0862872           -1.28000195
38  7.364839889  0.077788703 -0.74405631 0.0862872           -3.49732389
39  5.319090887 -2.242601171 -2.95009466 0.0862872            4.22915319
40  3.656757638 -0.629270879  0.97061613 0.0862872            0.12352627
41  4.790798030 -1.308586376 -3.31485308 0.0862872           -0.36100107
42 -0.866338126 -0.405035028  0.83642048 0.0862872           -0.77268316
43  6.026851029 -2.835386035 -2.04691343 0.0862872            1.62499396
44  1.382204479  0.360790800  1.08470417 0.0862872           -2.43512070
45  0.146423681 -0.556160301  1.56895147 0.0862872           -0.48082373
46 -0.538903596 -0.882439607  0.32795447 0.0862872           -0.89948912
47  1.451697548  1.046691628 -2.92976300 0.0862872            1.09292364
48 -1.427398099 -1.763695731 -0.32308575 0.0862872           -0.12051451
49 -0.791316718 -0.513030344  0.72641711 0.0862872           -0.79512149
50  1.853032382 -2.691284828  2.04386333 0.0862872            1.95599789
51  0.004765674 -1.032195766  0.77883885 0.0862872           -0.60049237
52 -2.168336726 -0.526495998  1.34576773 0.0862872           -0.70608770
53 -0.726375810  0.636108790  0.76627901 0.0862872           -1.01955329
54  4.162970343 -0.717737568 -0.65617904 0.0862872            1.34048534
55  1.200739263 -0.548613755  0.38346796 0.0862872           -1.96516203
56  1.785798255 -0.620185844 -3.91551607 0.0862872            0.77400705
57  2.411794468 -0.612043660 -0.64299579 0.0862872            0.16413712
58 -0.473132368 -1.646445050  0.65844619 0.0862872            1.49828039
59  2.429281202 -0.808648785 -0.95126521 0.0862872            0.65250626
60  1.359140698 -1.939834183  1.23483958 0.0862872            0.83158989
61  1.742280392 -3.496152340 -2.66363392 0.0862872            3.52426867
62  1.736627321 -1.901796869 -1.31251918 0.0862872            1.24450474
63 -0.503608448 -1.518416554 -0.06153253 0.0862872           -0.70667385
64  0.123193945 -2.041323988 -1.15417566 0.0862872            1.92752221
66 -1.398660346 -0.516444956  0.84765026 0.0862872            0.06482888

$Electrode
    (Intercept)  RaceWhite Fixforehead       Bin RaceWhite:Fixforehead
C3     1.365920 -0.8179644  -0.5164822 0.0862872             0.2695218
C4     1.056509 -0.8179644  -0.5164822 0.0862872             0.2695218
CP3    1.337967 -0.8179644  -0.5164822 0.0862872             0.2695218
CP4    1.123208 -0.8179644  -0.5164822 0.0862872             0.2695218
CPZ    1.569457 -0.8179644  -0.5164822 0.0862872             0.2695218
CZ     1.624028 -0.8179644  -0.5164822 0.0862872             0.2695218
PZ     1.457321 -0.8179644  -0.5164822 0.0862872             0.2695218

attr(,"class")
[1] "coef.mer"
[1] "________________________________________________________________________________________________"
     AIC      BIC   logLik deviance df.resid 
122540.6 122677.9 -61253.3 122506.6  23713.0 
