Linear mixed model fit by REML 
t-tests use  Satterthwaite approximations to degrees of freedom ['lmerMod']
Formula: MeanAmp ~ Race * Fix * Bin + (Race * Fix | Subject) + (1 | Electrode)
   Data: binDat

REML criterion at convergence: 122525.6

Scaled residuals: 
    Min      1Q  Median      3Q     Max 
-5.1502 -0.6306 -0.0132  0.6365  4.2168 

Random effects:
 Groups    Name                  Variance Std.Dev. Corr             
 Subject   (Intercept)           6.84030  2.6154                    
           RaceWhite             1.24834  1.1173   -0.20            
           Fixforehead           2.33245  1.5272   -0.41  0.23      
           RaceWhite:Fixforehead 2.16407  1.4711    0.19 -0.59 -0.51
 Electrode (Intercept)           0.04804  0.2192                    
 Residual                        9.88072  3.1434                    
Number of obs: 23730, groups:  Subject, 65; Electrode, 7

Fixed effects:
                            Estimate Std. Error         df t value Pr(>|t|)    
(Intercept)                1.109e+00  3.454e-01  7.600e+01   3.212  0.00194 ** 
RaceWhite                 -4.967e-01  1.834e-01  1.370e+02  -2.708  0.00763 ** 
Fixforehead               -1.283e-01  2.242e-01  1.040e+02  -0.572  0.56846    
Bin                        1.221e-01  1.052e-02  2.350e+04  11.603  < 2e-16 ***
RaceWhite:Fixforehead     -1.391e-01  2.493e-01  1.470e+02  -0.558  0.57785    
RaceWhite:Bin             -4.549e-02  1.489e-02  2.338e+04  -3.054  0.00226 ** 
Fixforehead:Bin           -5.492e-02  1.481e-02  2.347e+04  -3.707  0.00021 ***
RaceWhite:Fixforehead:Bin  5.769e-02  2.108e-02  2.330e+04   2.737  0.00621 ** 
---
Signif. codes:  0 ‘***’ 0.001 ‘**’ 0.01 ‘*’ 0.05 ‘.’ 0.1 ‘ ’ 1

Correlation of Fixed Effects:
            (Intr) RacWht Fxfrhd Bin    RcWh:F RcWh:B Fxfr:B
RaceWhite   -0.253                                          
Fixforehead -0.415  0.319                                   
Bin         -0.215  0.404  0.331                            
RcWht:Fxfrh  0.217 -0.643 -0.574 -0.297                     
RaceWhit:Bn  0.152 -0.573 -0.233 -0.704  0.421              
Fixforhd:Bn  0.153 -0.287 -0.467 -0.709  0.420  0.500       
RcWht:Fxf:B -0.107  0.405  0.328  0.497 -0.596 -0.706 -0.701
[1] "________________________________________________________________________________________________"
$Subject
   (Intercept)   RaceWhite Fixforehead       Bin RaceWhite:Fixforehead RaceWhite:Bin Fixforehead:Bin
1    4.1724478  0.13847790 -0.83492641 0.1220651          -1.248838060   -0.04549357      -0.0549221
2    0.6029211 -0.22840482 -0.03718779 0.1220651          -0.954198945   -0.04549357      -0.0549221
3    4.5590287 -1.96176372 -1.02940944 0.1220651           1.318434484   -0.04549357      -0.0549221
4    1.2313533  0.29788706 -0.24200354 0.1220651           0.467855720   -0.04549357      -0.0549221
5    2.9658160 -0.21949169  0.54679800 0.1220651          -0.650589323   -0.04549357      -0.0549221
6    1.4646755 -0.53701715 -0.64457251 0.1220651          -0.003969525   -0.04549357      -0.0549221
7    1.6080042 -0.22919259 -0.87101133 0.1220651           1.433851880   -0.04549357      -0.0549221
8   -2.6907532  1.74909861  0.99715201 0.1220651          -1.953027598   -0.04549357      -0.0549221
9    3.1297985 -0.57029548 -1.42394861 0.1220651           0.232011963   -0.04549357      -0.0549221
10   1.8421283 -0.35347569  1.45750777 0.1220651          -0.317093834   -0.04549357      -0.0549221
11   1.5509864 -1.47456003 -0.41682983 0.1220651           0.470725754   -0.04549357      -0.0549221
12   0.5865279 -0.18187801 -0.10987263 0.1220651           0.192518242   -0.04549357      -0.0549221
13  -0.7368900  0.76619010 -0.79040507 0.1220651           0.620361451   -0.04549357      -0.0549221
14  -2.3645784 -0.66414483  0.84166881 0.1220651           1.266489352   -0.04549357      -0.0549221
15   2.6265268 -1.11436988 -1.47264341 0.1220651           1.008457821   -0.04549357      -0.0549221
16   3.4827121 -0.04151529 -0.35260409 0.1220651           1.034017756   -0.04549357      -0.0549221
17  -0.3816112  1.03228205  0.92167997 0.1220651          -2.564696417   -0.04549357      -0.0549221
18   3.1217422 -4.22609255  0.67427373 0.1220651           0.119020571   -0.04549357      -0.0549221
19   3.6179514 -0.34579809 -0.49635386 0.1220651           0.191946326   -0.04549357      -0.0549221
20  -1.8818115 -0.44106054  0.67962643 0.1220651          -1.073183551   -0.04549357      -0.0549221
21  -0.1004838  0.26891243 -0.04122037 0.1220651           0.569681031   -0.04549357      -0.0549221
22  -3.2977314  1.26562306  2.01814611 0.1220651          -1.899937994   -0.04549357      -0.0549221
23   4.3603115  0.69707601 -0.70495859 0.1220651          -0.809952739   -0.04549357      -0.0549221
24   3.4854232 -0.43261611 -1.15996439 0.1220651          -0.165738378   -0.04549357      -0.0549221
25  -1.9575834 -1.12851549 -3.38420320 0.1220651           0.754841124   -0.04549357      -0.0549221
26  -3.9653176 -0.77564619  0.58340520 0.1220651          -0.011580800   -0.04549357      -0.0549221
27   0.1844206  0.22072982  3.27888085 0.1220651          -1.003025266   -0.04549357      -0.0549221
28   2.0106652 -0.09023680 -1.25708144 0.1220651          -0.029198140   -0.04549357      -0.0549221
29  -3.4825108 -0.22305706  0.48093487 0.1220651          -0.667700495   -0.04549357      -0.0549221
30   5.2740708  0.10470703 -0.53908342 0.1220651          -0.503079711   -0.04549357      -0.0549221
31   3.4485882  0.05576979 -2.20113586 0.1220651          -0.868643759   -0.04549357      -0.0549221
32   2.7975356 -0.96141179 -1.27519791 0.1220651           0.888095521   -0.04549357      -0.0549221
33   4.6438216 -0.51255414 -2.81254864 0.1220651           2.266421719   -0.04549357      -0.0549221
34  -4.4742737 -0.70877114 -0.80978030 0.1220651           0.106809921   -0.04549357      -0.0549221
35  -2.7445531 -0.88445350 -0.26367411 0.1220651          -0.432519049   -0.04549357      -0.0549221
36   1.3054802 -0.04006513 -0.26961369 0.1220651          -0.466283170   -0.04549357      -0.0549221
37   3.0541092  0.18790085  1.98460311 0.1220651          -1.725635426   -0.04549357      -0.0549221
38   7.1421097  0.35930963 -0.41065185 0.1220651          -3.856121527   -0.04549357      -0.0549221
39   5.0543517 -1.91181031 -2.54443724 0.1220651           3.810158990   -0.04549357      -0.0549221
40   3.3884903 -0.29322362  1.37356242 0.1220651          -0.298817008   -0.04549357      -0.0549221
41   4.5252935 -0.97651819 -2.90738755 0.1220651          -0.783022722   -0.04549357      -0.0549221
42  -1.1330983 -0.06160343  1.25568224 0.1220651          -1.212843840   -0.04549357      -0.0549221
43   5.7621114 -2.49487449 -1.63124522 0.1220651           1.189625395   -0.04549357      -0.0549221
44   1.0980487  0.72111742  1.52172802 0.1220651          -2.892862333   -0.04549357      -0.0549221
45  -0.1210836 -0.21627608  1.98923854 0.1220651          -0.917816043   -0.04549357      -0.0549221
46  -0.7900937 -0.56288541  0.71365566 0.1220651          -1.308421984   -0.04549357      -0.0549221
47   1.2614380  1.29288072 -2.63884325 0.1220651           0.780330140   -0.04549357      -0.0549221
48  -1.6469605 -1.48252682  0.01371600 0.1220651          -0.477921927   -0.04549357      -0.0549221
49  -1.0588241 -0.17804791  1.13718721 0.1220651          -1.224667641   -0.04549357      -0.0549221
50   1.6323382 -2.40823837  2.39118279 0.1220651           1.591295760   -0.04549357      -0.0549221
51  -0.2165165 -0.74871151  1.10986319 0.1220651          -0.956492997   -0.04549357      -0.0549221
52  -2.4354417 -0.18282645  1.75622439 0.1220651          -1.144140924   -0.04549357      -0.0549221
53  -0.9328877  0.90636756  1.09200649 0.1220651          -1.367864313   -0.04549357      -0.0549221
54   3.9275210 -0.41730066 -0.29499860 0.1220651           0.959421606   -0.04549357      -0.0549221
55   0.9173597 -0.18943246  0.81915525 0.1220651          -2.421168211   -0.04549357      -0.0549221
56   1.5210133 -0.28474911 -3.51850773 0.1220651           0.355107467   -0.04549357      -0.0549221
57   2.1288989 -0.25837589 -0.20854422 0.1220651          -0.285358455   -0.04549357      -0.0549221
58  -0.7560904 -1.29287949  1.08362822 0.1220651           1.054700374   -0.04549357      -0.0549221
59   2.1635079 -0.46667357 -0.53380899 0.1220651           0.214872517   -0.04549357      -0.0549221
60   1.0923965 -1.59658670  1.64468825 0.1220651           0.397537448   -0.04549357      -0.0549221
61   1.5802349 -3.28336331 -2.43210064 0.1220651           3.261375112   -0.04549357      -0.0549221
62   1.5176511 -1.61730234 -0.98535771 0.1220651           0.892749108   -0.04549357      -0.0549221
63  -0.7860485 -1.16074309  0.37230722 0.1220651          -1.163304093   -0.04549357      -0.0549221
64  -0.1420875 -1.70506010 -0.74727217 0.1220651           1.498900301   -0.04549357      -0.0549221
66  -1.6340092 -0.21151098  1.21812888 0.1220651          -0.326622566   -0.04549357      -0.0549221
   RaceWhite:Fixforehead:Bin
1                 0.05768617
2                 0.05768617
3                 0.05768617
4                 0.05768617
5                 0.05768617
6                 0.05768617
7                 0.05768617
8                 0.05768617
9                 0.05768617
10                0.05768617
11                0.05768617
12                0.05768617
13                0.05768617
14                0.05768617
15                0.05768617
16                0.05768617
17                0.05768617
18                0.05768617
19                0.05768617
20                0.05768617
21                0.05768617
22                0.05768617
23                0.05768617
24                0.05768617
25                0.05768617
26                0.05768617
27                0.05768617
28                0.05768617
29                0.05768617
30                0.05768617
31                0.05768617
32                0.05768617
33                0.05768617
34                0.05768617
35                0.05768617
36                0.05768617
37                0.05768617
38                0.05768617
39                0.05768617
40                0.05768617
41                0.05768617
42                0.05768617
43                0.05768617
44                0.05768617
45                0.05768617
46                0.05768617
47                0.05768617
48                0.05768617
49                0.05768617
50                0.05768617
51                0.05768617
52                0.05768617
53                0.05768617
54                0.05768617
55                0.05768617
56                0.05768617
57                0.05768617
58                0.05768617
59                0.05768617
60                0.05768617
61                0.05768617
62                0.05768617
63                0.05768617
64                0.05768617
66                0.05768617

$Electrode
    (Intercept)  RaceWhite Fixforehead       Bin RaceWhite:Fixforehead RaceWhite:Bin Fixforehead:Bin
C3    1.1132243 -0.4966704  -0.1282578 0.1220651            -0.1390573   -0.04549357      -0.0549221
C4    0.8038023 -0.4966704  -0.1282578 0.1220651            -0.1390573   -0.04549357      -0.0549221
CP3   1.0852701 -0.4966704  -0.1282578 0.1220651            -0.1390573   -0.04549357      -0.0549221
CP4   0.8705030 -0.4966704  -0.1282578 0.1220651            -0.1390573   -0.04549357      -0.0549221
CPZ   1.3167685 -0.4966704  -0.1282578 0.1220651            -0.1390573   -0.04549357      -0.0549221
CZ    1.3713420 -0.4966704  -0.1282578 0.1220651            -0.1390573   -0.04549357      -0.0549221
PZ    1.2046283 -0.4966704  -0.1282578 0.1220651            -0.1390573   -0.04549357      -0.0549221
    RaceWhite:Fixforehead:Bin
C3                 0.05768617
C4                 0.05768617
CP3                0.05768617
CP4                0.05768617
CPZ                0.05768617
CZ                 0.05768617
PZ                 0.05768617

attr(,"class")
[1] "coef.mer"
[1] "________________________________________________________________________________________________"
     AIC      BIC   logLik deviance df.resid 
122530.4 122691.9 -61245.2 122490.4  23710.0 
