Linear mixed model fit by REML t-tests use Satterthwaite approximations to degrees of  freedom
 [lmerMod]
Formula: AvgAmp ~ faceRace * FixArea + (1 | Subject) + (1 | Electrode)
   Data: select

REML criterion at convergence: 7016.5

Scaled residuals: 
    Min      1Q  Median      3Q     Max 
-3.1823 -0.6379 -0.0225  0.6253  4.3455 

Random effects:
 Groups    Name        Variance Std.Dev.
 Subject   (Intercept) 6.7929   2.6063  
 Electrode (Intercept) 0.1466   0.3829  
 Residual              2.3336   1.5276  
Number of obs: 1820, groups:  Subject, 65; Electrode, 7

Fixed effects:
                           Estimate Std. Error        df t value Pr(>|t|)    
(Intercept)                  4.1221     0.3614   66.3000  11.407  < 2e-16 ***
faceRaceWhite               -1.2677     0.1013 1746.0000 -12.517  < 2e-16 ***
FixAreafore                 -0.7771     0.1013 1746.0000  -7.673 2.78e-14 ***
faceRaceWhite:FixAreafore    0.4960     0.1432 1746.0000   3.463 0.000547 ***
---
Signif. codes:  0 ‘***’ 0.001 ‘**’ 0.01 ‘*’ 0.05 ‘.’ 0.1 ‘ ’ 1

Correlation of Fixed Effects:
            (Intr) fcRcWh FxArfr
faceRaceWht -0.140              
FixAreafore -0.140  0.500       
fcRcWht:FxA  0.099 -0.707 -0.707
[1] "________________________________________________________________________________________________"
$Subject
    (Intercept) faceRaceWhite FixAreafore faceRaceWhite:FixAreafore
1   6.299873112     -1.267748  -0.7771214                 0.4960258
2   4.586862470     -1.267748  -0.7771214                 0.4960258
3   6.242282266     -1.267748  -0.7771214                 0.4960258
4   4.673708739     -1.267748  -0.7771214                 0.4960258
5   5.992471833     -1.267748  -0.7771214                 0.4960258
6   5.207809958     -1.267748  -0.7771214                 0.4960258
7   3.899116569     -1.267748  -0.7771214                 0.4960258
8   1.129894479     -1.267748  -0.7771214                 0.4960258
9   4.064376988     -1.267748  -0.7771214                 0.4960258
10  6.013431395     -1.267748  -0.7771214                 0.4960258
11  4.122511416     -1.267748  -0.7771214                 0.4960258
12  5.399450470     -1.267748  -0.7771214                 0.4960258
13  3.480455656     -1.267748  -0.7771214                 0.4960258
14  4.883847863     -1.267748  -0.7771214                 0.4960258
15  7.413213431     -1.267748  -0.7771214                 0.4960258
16  7.146959988     -1.267748  -0.7771214                 0.4960258
17  2.757916948     -1.267748  -0.7771214                 0.4960258
18  5.094401333     -1.267748  -0.7771214                 0.4960258
19  6.056884765     -1.267748  -0.7771214                 0.4960258
20  2.717564779     -1.267748  -0.7771214                 0.4960258
21  1.035776181     -1.267748  -0.7771214                 0.4960258
22  2.717710068     -1.267748  -0.7771214                 0.4960258
23  9.215478793     -1.267748  -0.7771214                 0.4960258
24  6.167868710     -1.267748  -0.7771214                 0.4960258
25 -0.475839130     -1.267748  -0.7771214                 0.4960258
26 -0.037068303     -1.267748  -0.7771214                 0.4960258
27  6.213387243     -1.267748  -0.7771214                 0.4960258
28  5.597230267     -1.267748  -0.7771214                 0.4960258
29  0.335570117     -1.267748  -0.7771214                 0.4960258
30  8.505593907     -1.267748  -0.7771214                 0.4960258
31  6.150805311     -1.267748  -0.7771214                 0.4960258
32  0.170766662     -1.267748  -0.7771214                 0.4960258
33  6.060869554     -1.267748  -0.7771214                 0.4960258
34  0.929770726     -1.267748  -0.7771214                 0.4960258
35  0.118069384     -1.267748  -0.7771214                 0.4960258
36  3.874464136     -1.267748  -0.7771214                 0.4960258
37  5.789756660     -1.267748  -0.7771214                 0.4960258
38  8.359925682     -1.267748  -0.7771214                 0.4960258
39  7.168588556     -1.267748  -0.7771214                 0.4960258
40  5.253186695     -1.267748  -0.7771214                 0.4960258
41  9.908451672     -1.267748  -0.7771214                 0.4960258
42  1.641896229     -1.267748  -0.7771214                 0.4960258
43  8.252556318     -1.267748  -0.7771214                 0.4960258
44  4.082185954     -1.267748  -0.7771214                 0.4960258
45  6.301761021     -1.267748  -0.7771214                 0.4960258
46  5.090119580     -1.267748  -0.7771214                 0.4960258
47  2.266810724     -1.267748  -0.7771214                 0.4960258
48 -0.398988546     -1.267748  -0.7771214                 0.4960258
49  2.090178362     -1.267748  -0.7771214                 0.4960258
50  6.804562859     -1.267748  -0.7771214                 0.4960258
51  3.187104213     -1.267748  -0.7771214                 0.4960258
52  0.719824556     -1.267748  -0.7771214                 0.4960258
53  2.309664310     -1.267748  -0.7771214                 0.4960258
54  6.106109647     -1.267748  -0.7771214                 0.4960258
55  1.991539174     -1.267748  -0.7771214                 0.4960258
56  1.397539810     -1.267748  -0.7771214                 0.4960258
57  5.187350793     -1.267748  -0.7771214                 0.4960258
58  3.082663278     -1.267748  -0.7771214                 0.4960258
59  5.385424025     -1.267748  -0.7771214                 0.4960258
60  3.677634045     -1.267748  -0.7771214                 0.4960258
61  3.598999279     -1.267748  -0.7771214                 0.4960258
62  2.263889352     -1.267748  -0.7771214                 0.4960258
63  0.808681760     -1.267748  -0.7771214                 0.4960258
64  1.836267100     -1.267748  -0.7771214                 0.4960258
66  0.007465949     -1.267748  -0.7771214                 0.4960258

$Electrode
    (Intercept) faceRaceWhite FixAreafore faceRaceWhite:FixAreafore
C3     4.249850     -1.267748  -0.7771214                 0.4960258
C4     3.736200     -1.267748  -0.7771214                 0.4960258
CP3    3.934958     -1.267748  -0.7771214                 0.4960258
CP4    3.653989     -1.267748  -0.7771214                 0.4960258
CPZ    4.533160     -1.267748  -0.7771214                 0.4960258
CZ     4.612561     -1.267748  -0.7771214                 0.4960258
PZ     4.133781     -1.267748  -0.7771214                 0.4960258

attr(,"class")
[1] "coef.mer"
[1] "________________________________________________________________________________________________"
      AIC       BIC    logLik  deviance  df.resid 
 7021.345  7059.891 -3503.673  7007.345  1813.000 
