Linear mixed model fit by REML t-tests use Satterthwaite approximations to degrees of  freedom
 [lmerMod]
Formula: AvgAmp ~ faceRace * FixArea + (faceRace * FixArea | Subject) +  
    (faceRace * FixArea | Electrode)
   Data: select

REML criterion at convergence: 5946

Scaled residuals: 
    Min      1Q  Median      3Q     Max 
-3.3802 -0.5799 -0.0002  0.5835  4.1025 

Random effects:
 Groups    Name                      Variance Std.Dev. Corr             
 Subject   (Intercept)               9.577542 3.09476                   
           faceRaceWhite             3.542668 1.88220  -0.31            
           FixAreafore               3.226741 1.79631  -0.51  0.53      
           faceRaceWhite:FixAreafore 7.290049 2.70001   0.14 -0.71 -0.67
 Electrode (Intercept)               0.234421 0.48417                   
           faceRaceWhite             0.043791 0.20926  -0.87            
           FixAreafore               0.006634 0.08145  -1.00  0.90      
           faceRaceWhite:FixAreafore 0.026254 0.16203   0.88 -1.00 -0.91
 Residual                            0.948030 0.97367                   
Number of obs: 1820, groups:  Subject, 65; Electrode, 7

Fixed effects:
                          Estimate Std. Error      df t value Pr(>|t|)    
(Intercept)                 4.1221     0.4277 59.8200   9.638 8.75e-14 ***
faceRaceWhite              -1.2677     0.2548 59.3300  -4.975 5.90e-06 ***
FixAreafore                -0.7771     0.2340 64.1800  -3.321  0.00148 ** 
faceRaceWhite:FixAreafore   0.4960     0.3525 64.2000   1.407  0.16417    
---
Signif. codes:  0 ‘***’ 0.001 ‘**’ 0.01 ‘*’ 0.05 ‘.’ 0.1 ‘ ’ 1

Correlation of Fixed Effects:
            (Intr) fcRcWh FxArfr
faceRaceWht -0.393              
FixAreafore -0.512  0.533       
fcRcWht:FxA  0.201 -0.723 -0.673
[1] "________________________________________________________________________________________________"
$Subject
   (Intercept) faceRaceWhite FixAreafore faceRaceWhite:FixAreafore
1   5.15255716    3.84918056 -1.13130507               -4.34177913
2   4.16463917   -1.39928501 -0.82540564                2.53798512
3   5.51360721    1.37176827 -0.89546481               -1.56043023
4   5.44276155   -3.40738519 -0.98835549                2.12781555
5   6.01797855   -1.30265517 -1.77480787                2.50469873
6   3.78934727    0.62635046  1.84504259               -2.84963792
7   5.05125245   -4.25466675 -3.01324395                6.31480379
8   1.29584467   -2.82617159 -0.61228962                2.52311783
9   4.27974710   -2.14308861 -1.61470265                3.04995063
10  5.83839410   -1.09458791 -0.69393324                0.72829969
11  4.08359289   -1.31219892  0.28668839               -1.38643861
12  4.63640958   -1.16639876  0.11300579                1.57289537
13  2.56705266   -0.57492688  0.88729743               -0.59977177
14  3.47035516   -0.60016063  0.85909069                1.52376832
15  8.80840392   -1.64426645 -3.42965278                1.09710033
16  6.99751865   -1.38678473 -1.52415988                2.89350502
17  3.29728491   -2.34393320 -0.96392519                0.83134689
18  6.95816570   -3.39938079 -3.15936854                2.12181084
19  6.21117873   -1.95857847  0.68780851               -1.62199204
20  2.62512234   -1.36358717 -0.02714221               -0.48153242
21  0.39221777   -1.01497136  0.70345776               -0.49155033
22  1.24446081    2.46675322  1.21479322               -5.08670805
23 10.69107320   -3.51546469 -1.34840103                0.37799930
24  5.90714591   -1.03233414 -0.98865466                1.53694492
25  0.28373058   -2.19673065 -2.75016309                3.15220007
26 -1.26815102   -0.78153773  1.98697067               -1.21773749
27  5.81533169   -2.00077834 -0.56898597                3.16432589
28  7.17146298   -3.55676190 -3.59271194                4.45937450
29 -2.99286779    2.31400012  3.35051796               -1.76033375
30  7.99863951    0.20984220 -0.78729604               -0.29311420
31  6.28830234   -0.39478601 -0.60119535               -2.07931162
32 -0.66447914   -0.05467989 -1.71749375                3.17714199
33  7.90028745   -1.89526634 -5.39505096                3.72588191
34  2.64200077   -4.30307874 -2.69322788                3.47671982
35 -1.59336844    1.08006645  0.94947377               -0.92979392
36  4.55048290   -1.47039584 -1.65981819               -0.02374050
37  4.40149565   -1.09316727  2.65519203               -1.16292987
38  7.94972823    2.54524341 -1.41414235               -4.05904927
39  8.42906457   -1.74551147 -1.47411432               -2.08057184
40  4.27835122    0.24966228  1.18950847               -2.54982031
41 10.72784984   -1.83135422 -1.58730560                0.13322904
42  0.72222379    0.20461558  0.24549058               -0.88573976
43 10.72729724   -4.91806524 -3.38067207                3.23527382
44  3.73566298   -0.57860563  0.29619337               -1.64240065
45  7.65273927   -0.74202645 -2.60861738               -2.18509179
46  4.95030182   -1.79701146 -0.24158935                1.05453466
47  3.19676744   -3.19937924 -3.65485774                6.34235785
48  0.09691906   -3.09185266 -1.47817287                3.43310474
49  2.02290967   -1.81385508 -0.14417958                0.52931691
50  8.19060628   -3.38564764 -2.21795854                2.15062068
51  2.55823676   -2.13694648  0.68427610                1.76828819
52 -1.20222332    1.60879148  3.60864591               -6.43974431
53  1.74145779   -1.31205802 -0.93428012                3.10269708
54  6.07472306   -1.68744661 -0.86313813                1.67508549
55  1.78903122   -0.60913207 -0.04017778               -1.53398909
56  2.32245897   -1.73258176 -3.97675935                4.07452957
57  5.58888564   -2.56115575 -0.64924836                1.24169303
58  3.71931566   -1.87618705 -0.97702790               -0.44712427
59  3.39106576    3.29060036  0.65129961               -3.46209608
60  3.26681855   -0.95106652 -0.07050765                0.07298252
61  4.69422257   -2.95603650 -2.22035559                2.37386222
62  3.80273412   -3.74198317 -0.37674169               -1.54172847
63  1.08410444   -2.37205522  0.51533366               -1.07155358
64  0.52842488    0.23842219 -0.48300709                2.04516300
66  0.92598066   -1.93093187 -1.69337081               -0.10303689

$Electrode
    (Intercept) faceRaceWhite FixAreafore faceRaceWhite:FixAreafore
C3     4.310313     -1.382910  -0.8111326                 0.5846367
C4     3.654850     -1.148905  -0.7017794                 0.4011438
CP3    3.882516     -1.189573  -0.7375549                 0.4344666
CP4    3.523170     -1.053045  -0.6771562                 0.3277007
CPZ    4.633909     -1.420060  -0.8608601                 0.6165333
CZ     4.781640     -1.556119  -0.8900342                 0.7202818
PZ     4.068102     -1.123622  -0.7613326                 0.3874178

attr(,"class")
[1] "coef.mer"
[1] "________________________________________________________________________________________________"
      AIC       BIC    logLik  deviance  df.resid 
 5992.023  6129.688 -2971.011  5942.023  1795.000 
