Linear mixed model fit by REML t-tests use Satterthwaite approximations to degrees of  freedom
 [lmerMod]
Formula: AvgAmp ~ faceRace * FixArea + (faceRace * FixArea | Subject) +      (1 | Electrode)
   Data: select

REML criterion at convergence: 5953

Scaled residuals: 
    Min      1Q  Median      3Q     Max 
-3.3835 -0.5708 -0.0064  0.5818  4.2454 

Random effects:
 Groups    Name                      Variance Std.Dev. Corr             
 Subject   (Intercept)               9.5767   3.0946                    
           faceRaceWhite             3.5409   1.8817   -0.31            
           FixAreafore               3.2250   1.7958   -0.51  0.53      
           faceRaceWhite:FixAreafore 7.2866   2.6994    0.14 -0.71 -0.67
 Electrode (Intercept)               0.1519   0.3898                    
 Residual                            0.9541   0.9768                    
Number of obs: 1820, groups:  Subject, 65; Electrode, 7

Fixed effects:
                          Estimate Std. Error      df t value Pr(>|t|)    
(Intercept)                 4.1221     0.4137 67.9100   9.964 6.44e-15 ***
faceRaceWhite              -1.2677     0.2422 64.0000  -5.234 1.96e-06 ***
FixAreafore                -0.7771     0.2320 64.0000  -3.350  0.00136 ** 
faceRaceWhite:FixAreafore   0.4960     0.3471 64.0000   1.429  0.15787    
---
Signif. codes:  0 ‘***’ 0.001 ‘**’ 0.01 ‘*’ 0.05 ‘.’ 0.1 ‘ ’ 1

Correlation of Fixed Effects:
            (Intr) fcRcWh FxArfr
faceRaceWht -0.302              
FixAreafore -0.475  0.527       
fcRcWht:FxA  0.142 -0.714 -0.668
[1] "________________________________________________________________________________________________"
$Subject
   (Intercept) faceRaceWhite FixAreafore faceRaceWhite:FixAreafore
1   5.15313910    3.84667040 -1.13098851               -4.33977384
2   4.16483279   -1.39925822 -0.82546499                2.53708679
3   5.51399345    1.37045672 -0.89545171               -1.55958949
4   5.44241084   -3.40633678 -0.98840975                2.12709614
5   6.01797108   -1.30267786 -1.77441995                2.50370061
6   3.79011592    0.62541684  1.84345478               -2.84792854
7   5.05062784   -4.25323692 -3.01207749                6.31205924
8   1.29569596   -2.82539837 -0.61219051                2.52229298
9   4.27961076   -2.14268276 -1.61426347                3.04875696
10  5.83851999   -1.09469588 -0.69417573                0.72818845
11  4.08365201   -1.31215455  0.28606068               -1.38550483
12  4.63681130   -1.16648918  0.11230967                1.57250770
13  2.56751115   -0.57526973  0.88638540               -0.59911809
14  3.47106511   -0.60053971  0.85801361                1.52348072
15  8.80775863   -1.64408555 -3.42837967                1.09653058
16  6.99762442   -1.38678408 -1.52405671                2.89235421
17  3.29699983   -2.34338286 -0.96372494                0.83120308
18  6.95725697   -3.39831630 -3.15812297                2.12086004
19  6.21120894   -1.95822401  0.68670701               -1.62092485
20  2.62515925   -1.36351798 -0.02744883               -0.48101312
21  0.39248962   -1.01507197  0.70288923               -0.49093705
22  1.24518481    2.46495800  1.21397655               -5.08408421
23 10.69050272   -3.51436415 -1.34867613                0.37796412
24  5.90730186   -1.03248598 -0.98874180                1.53644795
25  0.28320311   -2.19624989 -2.74855748                3.15088334
26 -1.26759289   -0.78174827  1.98574237               -1.21666395
27  5.81555816   -2.00047532 -0.56941058                3.16317232
28  7.17067486   -3.55565898 -3.59129778                4.45735559
29 -2.99129967    2.31221940  3.34856178               -1.75891056
30  7.99897625    0.20907464 -0.78765942               -0.29282459
31  6.28830320   -0.39519936 -0.60142840               -2.07819668
32 -0.66423196   -0.05529694 -1.71649393                3.17589857
33  7.89933493   -1.89497311 -5.39247968                3.72397248
34  2.64107273   -4.30155307 -2.69190645                3.47527390
35 -1.59262197    1.07892136  0.94895315               -0.92897411
36  4.55014302   -1.47027277 -1.65924723               -0.02360338
37  4.40228327   -1.09327673  2.65293379               -1.16185968
38  7.95001253    2.54337230 -1.41392916               -4.05720419
39  8.42854985   -1.74524215 -1.47397555               -2.07954592
40  4.27889672    0.24892013  1.18829867               -2.54830812
41 10.72758800   -1.83110225 -1.58742157                0.13325369
42  0.72262268    0.20390653  0.24520651               -0.88501974
43 10.72617278   -4.91627780 -3.37970552                3.23379913
44  3.73586263   -0.57892666  0.29560261               -1.64136055
45  7.65212725   -0.74224224 -2.60763882               -2.18414173
46  4.95040309   -1.79676808 -0.24205477                1.05434392
47  3.19618521   -3.19846201 -3.65307723                6.33953861
48  0.09655291   -3.09093959 -1.47740854                3.43180777
49  2.02291263   -1.81357022 -0.14438749                0.52939294
50  8.18998524   -3.38461485 -2.21747151                2.14974139
51  2.55854281   -2.13653858  0.68340622                1.76790484
52 -1.20126012    1.60744379  3.60653797               -6.43625095
53  1.74165874   -1.31206535 -0.93404283                3.10156100
54  6.07477651   -1.68727119 -0.86332950                1.67454810
55  1.78910503   -0.60941877 -0.04034810               -1.53301257
56  2.32185741   -1.73235376 -3.97458256                4.07265950
57  5.58872879   -2.56052649 -0.64951058                1.24138351
58  3.71899856   -1.87585255 -0.97680922               -0.44671932
59  3.39206543    3.28834469  0.65056676               -3.46027196
60  3.26701949   -0.95122279 -0.07087677                0.07324301
61  4.69365780   -2.95519804 -2.21952014                2.37291069
62  3.80201018   -3.74068750 -0.37687812               -1.54075839
63  1.08394854   -2.37145683  0.51485151               -1.07069305
64  0.52897032    0.23765029 -0.48290947                2.04452606
66  0.92543874   -1.93054280 -1.69240028               -0.10282935

$Electrode
    (Intercept) faceRaceWhite FixAreafore faceRaceWhite:FixAreafore
C3     4.254474     -1.267748  -0.7771214                 0.4960258
C4     3.722238     -1.267748  -0.7771214                 0.4960258
CP3    3.928188     -1.267748  -0.7771214                 0.4960258
CP4    3.637053     -1.267748  -0.7771214                 0.4960258
CPZ    4.548034     -1.267748  -0.7771214                 0.4960258
CZ     4.630309     -1.267748  -0.7771214                 0.4960258
PZ     4.134204     -1.267748  -0.7771214                 0.4960258

attr(,"class")
[1] "coef.mer"
[1] "________________________________________________________________________________________________"
      AIC       BIC    logLik  deviance  df.resid 
 5980.997  6069.103 -2974.499  5948.997  1804.000 
