Linear mixed model fit by REML t-tests use Satterthwaite approximations to degrees of  freedom
 [lmerMod]
Formula: MeanAmp ~ 1 + (1 | Subject) + (1 | Electrode) + (1 | Trial)
   Data: dat

REML criterion at convergence: 703087.2

Scaled residuals: 
    Min      1Q  Median      3Q     Max 
-5.5625 -0.6346 -0.0056  0.6275  6.0863 

Random effects:
 Groups    Name        Variance Std.Dev.
 Trial     (Intercept)  0.9950  0.9975  
 Subject   (Intercept)  6.7931  2.6064  
 Electrode (Intercept)  0.1603  0.4003  
 Residual              77.6395  8.8113  
Number of obs: 97678, groups:  Trial, 256; Subject, 65; Electrode, 7

Fixed effects:
            Estimate Std. Error      df t value Pr(>|t|)    
(Intercept)   3.2425     0.3635 65.4000    8.92  6.5e-13 ***
---
Signif. codes:  0 ‘***’ 0.001 ‘**’ 0.01 ‘*’ 0.05 ‘.’ 0.1 ‘ ’ 1
[1] "________________________________________________________________________________________________"
$Trial
    (Intercept)
1      3.291318
2      2.881697
3      1.781984
4      1.480589
5      1.805804
6      3.127448
7      1.901328
8      3.534636
9      2.229874
10     1.993666
11     1.284633
12     3.625513
13     2.848767
14     2.614836
15     2.839695
16     2.302973
17     2.212380
18     2.661866
19     2.826216
20     4.571285
21     2.680154
22     2.586816
23     4.217372
24     5.264018
25     2.042601
26     1.898890
27     1.578956
28     2.015489
29     1.513450
30     3.260074
31     1.788663
32     2.331670
33     4.616127
34     3.010845
35     3.948175
36     1.794013
37     4.437178
38     3.655787
39     2.391275
40     2.869918
41     2.295981
42     2.744580
43     3.678589
44     3.643598
45     2.034536
46     2.604549
47     1.587487
48     3.671939
49     2.382032
50     3.459358
51     4.088227
52     4.194841
53     3.485391
54     4.420426
55     3.689795
56     3.932733
57     2.414419
58     3.809065
59     3.587120
60     3.332318
61     2.751925
62     4.945952
63     2.851705
64     2.613973
65     3.743673
66     2.015963
67     2.723968
68     2.391335
69     2.881813
70     2.615147
71     2.262817
72     2.460414
73     3.186683
74     3.560974
75     3.856175
76     3.030768
77     4.145426
78     2.750010
79     2.925865
80     3.903142
81     1.674684
82     2.326302
83     3.910129
84     2.071536
85     4.213886
86     3.683217
87     5.022173
88     2.550646
89     3.496621
90     2.928296
91     2.317676
92     2.376700
93     2.445005
94     3.324872
95     3.030695
96     2.171733
97     2.488416
98     3.264672
99     2.224265
100    3.241101
101    3.756668
102    2.256520
103    1.109448
104    4.146903
105    5.638146
106    3.430160
107    3.318351
108    2.970911
109    3.705071
110    3.829521
111    3.456875
112    1.874704
113    1.878733
114    1.810490
115    3.698607
116    4.229195
117    1.918579
118    1.906977
119    3.764444
120    2.788408
121    4.609805
122    3.281959
123    3.021935
124    3.696747
125    2.162994
126    3.379419
127    2.362615
128    3.646878
129    2.122424
130    4.521722
131    3.189608
132    3.882787
133    2.570609
134    3.229733
135    4.661936
136    4.049947
137    4.192539
138    2.955715
139    4.080493
140    2.909317
141    3.611209
142    2.953975
143    3.435580
144    3.555704
145    3.294032
146    3.914039
147    3.490828
148    3.805487
149    3.503281
150    2.981453
151    4.798429
152    4.891738
153    2.279207
154    3.254289
155    3.035220
156    2.310804
157    4.851982
158    2.536415
159    2.652380
160    3.418224
161    2.858370
162    3.879884
163    3.744733
164    4.081750
165    2.730647
166    3.755622
167    2.613876
168    2.872660
169    3.794858
170    2.393945
171    4.540847
172    3.427273
173    3.553120
174    3.777065
175    4.613428
176    3.023746
177    2.834764
178    3.710298
179    2.527982
180    3.977099
181    4.706973
182    3.953459
183    4.899797
184    3.860824
185    4.145691
186    3.022244
187    3.068168
188    4.560195
189    5.056799
190    1.927832
191    2.732700
192    2.855281
193    3.555264
194    3.892004
195    3.307949
196    3.579132
197    2.634875
198    3.387901
199    2.431683
200    2.627118
201    2.738799
202    4.385365
203    5.444115
204    2.461098
205    4.577609
206    2.587863
207    1.859465
208    3.125277
209    2.160464
210    2.962661
211    3.890039
212    2.429991
213    3.779589
214    3.186056
215    3.094742
216    2.830564
217    4.423138
218    3.648069
219    4.910506
220    4.188464
221    2.962111
222    4.454567
223    2.724781
224    3.562149
225    3.705410
226    3.974671
227    2.568138
228    1.976038
229    3.850484
230    3.045715
231    2.513495
232    2.988125
233    3.644357
234    3.349052
235    4.399811
236    3.651102
237    4.095448
238    3.507404
239    2.746132
240    4.623790
241    5.072362
242    2.803546
243    4.093333
244    4.525987
245    4.809929
246    3.529039
247    4.873936
248    3.718575
249    5.160719
250    2.000249
251    3.370163
252    2.120526
253    3.699406
254    5.054057
255    3.331950
256    2.216326

$Subject
   (Intercept)
1   5.56624432
2   3.67682255
3   5.39733524
4   3.82700266
5   5.11641377
6   4.37030191
7   2.99894182
8   0.14356448
9   2.82118135
10  5.12457536
11  3.23355768
12  4.49019071
13  2.56291455
14  4.06880627
15  6.57173460
16  6.24933534
17  1.87661634
18  4.13429554
19  5.17429915
20  1.77250309
21  0.11840183
22  1.84123064
23  8.29759612
24  5.29423906
25 -1.36963746
26 -0.97587691
27  5.36564796
28  4.68890466
29 -0.57274945
30  7.63127104
31  5.26068117
32 -0.34106056
33  5.21869749
34  0.01098842
35 -0.81854327
36  2.97227979
37  4.89697683
38  7.41648116
39  6.38817921
40  4.38590347
41  9.03411957
42  0.73529341
43  7.36369311
44  3.18638858
45  5.47221096
46  4.25991058
47  1.44155301
48 -1.31344919
49  1.19498327
50  6.00314844
51  2.31448831
52 -0.16673980
53  1.42985276
54  5.17822862
55  1.06260672
56  0.65333676
57  4.33962333
58  2.23362054
59  4.48841186
60  2.77357949
61  2.70578758
62  1.65928482
63 -0.08283007
64  0.94943475
66 -1.04229008

$Electrode
    (Intercept)
C3     3.384238
C4     2.837498
CP3    3.058124
CP4    2.743209
CPZ    3.675041
CZ     3.766621
PZ     3.232554

attr(,"class")
[1] "coef.mer"
