Linear mixed model fit by REML t-tests use Satterthwaite approximations to degrees of  freedom
 [lmerMod]
Formula: MeanAmp ~ Race * Fix + (1 | Subject) + (1 | Electrode)
   Data: dat

REML criterion at convergence: 703445.5

Scaled residuals: 
    Min      1Q  Median      3Q     Max 
-5.7805 -0.6333 -0.0062  0.6309  6.1944 

Random effects:
 Groups    Name        Variance Std.Dev.
 Subject   (Intercept)  6.8107  2.6097  
 Electrode (Intercept)  0.1602  0.4003  
 Residual              78.2796  8.8476  
Number of obs: 97678, groups:  Subject, 65; Electrode, 7

Fixed effects:
                        Estimate Std. Error         df t value Pr(>|t|)    
(Intercept)            4.096e+00  3.618e-01  6.400e+01  11.322  < 2e-16 ***
RaceWhite             -1.201e+00  7.997e-02  9.760e+04 -15.013  < 2e-16 ***
Fixforehead           -7.142e-01  8.006e-02  9.760e+04  -8.921  < 2e-16 ***
RaceWhite:Fixforehead  3.568e-01  1.133e-01  9.760e+04   3.150  0.00163 ** 
---
Signif. codes:  0 ‘***’ 0.001 ‘**’ 0.01 ‘*’ 0.05 ‘.’ 0.1 ‘ ’ 1

Correlation of Fixed Effects:
            (Intr) RacWht Fxfrhd
RaceWhite   -0.110              
Fixforehead -0.110  0.497       
RcWht:Fxfrh  0.078 -0.706 -0.707
[1] "________________________________________________________________________________________________"
$Subject
   (Intercept) RaceWhite Fixforehead RaceWhite:Fixforehead
1   6.31976271 -1.200574  -0.7142171              0.356806
2   4.54959735 -1.200574  -0.7142171              0.356806
3   6.25320874 -1.200574  -0.7142171              0.356806
4   4.67831890 -1.200574  -0.7142171              0.356806
5   5.96847052 -1.200574  -0.7142171              0.356806
6   5.18788505 -1.200574  -0.7142171              0.356806
7   3.87494896 -1.200574  -0.7142171              0.356806
8   1.06579703 -1.200574  -0.7142171              0.356806
9   3.72730601 -1.200574  -0.7142171              0.356806
10  5.99022074 -1.200574  -0.7142171              0.356806
11  4.08866628 -1.200574  -0.7142171              0.356806
12  5.37302087 -1.200574  -0.7142171              0.356806
13  3.43404379 -1.200574  -0.7142171              0.356806
14  4.85043255 -1.200574  -0.7142171              0.356806
15  7.42494179 -1.200574  -0.7142171              0.356806
16  7.12278240 -1.200574  -0.7142171              0.356806
17  2.75679297 -1.200574  -0.7142171              0.356806
18  5.02168799 -1.200574  -0.7142171              0.356806
19  6.05181895 -1.200574  -0.7142171              0.356806
20  2.67143475 -1.200574  -0.7142171              0.356806
21  0.99169648 -1.200574  -0.7142171              0.356806
22  2.71847496 -1.200574  -0.7142171              0.356806
23  9.17853774 -1.200574  -0.7142171              0.356806
24  6.14974653 -1.200574  -0.7142171              0.356806
25 -0.51381809 -1.200574  -0.7142171              0.356806
26 -0.06781240 -1.200574  -0.7142171              0.356806
27  6.19789424 -1.200574  -0.7142171              0.356806
28  5.56644220 -1.200574  -0.7142171              0.356806
29  0.25332329 -1.200574  -0.7142171              0.356806
30  8.49651670 -1.200574  -0.7142171              0.356806
31  6.12695716 -1.200574  -0.7142171              0.356806
32  0.29038663 -1.200574  -0.7142171              0.356806
33  6.08084956 -1.200574  -0.7142171              0.356806
34  0.83565856 -1.200574  -0.7142171              0.356806
35  0.07851851 -1.200574  -0.7142171              0.356806
36  3.84907167 -1.200574  -0.7142171              0.356806
37  5.77680184 -1.200574  -0.7142171              0.356806
38  8.33348321 -1.200574  -0.7142171              0.356806
39  7.17146773 -1.200574  -0.7142171              0.356806
40  5.22841595 -1.200574  -0.7142171              0.356806
41  9.90397799 -1.200574  -0.7142171              0.356806
42  1.59059353 -1.200574  -0.7142171              0.356806
43  8.23981347 -1.200574  -0.7142171              0.356806
44  4.05648623 -1.200574  -0.7142171              0.356806
45  6.32228017 -1.200574  -0.7142171              0.356806
46  5.06703072 -1.200574  -0.7142171              0.356806
47  2.37000480 -1.200574  -0.7142171              0.356806
48 -0.46991037 -1.200574  -0.7142171              0.356806
49  2.05486559 -1.200574  -0.7142171              0.356806
50  6.78276990 -1.200574  -0.7142171              0.356806
51  3.14810689 -1.200574  -0.7142171              0.356806
52  0.73665149 -1.200574  -0.7142171              0.356806
53  2.23536642 -1.200574  -0.7142171              0.356806
54  6.07711275 -1.200574  -0.7142171              0.356806
55  1.94686959 -1.200574  -0.7142171              0.356806
56  1.47946492 -1.200574  -0.7142171              0.356806
57  5.19621615 -1.200574  -0.7142171              0.356806
58  3.04559994 -1.200574  -0.7142171              0.356806
59  5.37291872 -1.200574  -0.7142171              0.356806
60  3.63690782 -1.200574  -0.7142171              0.356806
61  3.54855607 -1.200574  -0.7142171              0.356806
62  2.37521495 -1.200574  -0.7142171              0.356806
63  0.77028125 -1.200574  -0.7142171              0.356806
64  1.80701598 -1.200574  -0.7142171              0.356806
66 -0.19926472 -1.200574  -0.7142171              0.356806

$Electrode
    (Intercept) RaceWhite Fixforehead RaceWhite:Fixforehead
C3     4.237862 -1.200574  -0.7142171              0.356806
C4     3.691278 -1.200574  -0.7142171              0.356806
CP3    3.911841 -1.200574  -0.7142171              0.356806
CP4    3.597016 -1.200574  -0.7142171              0.356806
CPZ    4.528581 -1.200574  -0.7142171              0.356806
CZ     4.620135 -1.200574  -0.7142171              0.356806
PZ     4.086222 -1.200574  -0.7142171              0.356806

attr(,"class")
[1] "coef.mer"
[1] "________________________________________________________________________________________________"
      AIC       BIC    logLik  deviance  df.resid 
 703449.0  703515.4 -351717.5  703435.0   97671.0 
