Linear mixed model fit by REML t-tests use Satterthwaite approximations to degrees of  freedom
 [lmerMod]
Formula: MeanAmp ~ Race * Fix + (Race * Fix | Subject) + (Race * Fix |      Electrode)
   Data: dat

REML criterion at convergence: 702327.1

Scaled residuals: 
    Min      1Q  Median      3Q     Max 
-5.7723 -0.6326 -0.0064  0.6280  6.4585 

Random effects:
 Groups    Name                  Variance  Std.Dev. Corr             
 Subject   (Intercept)            9.677085 3.11080                   
           RaceWhite              3.535110 1.88019  -0.34            
           Fixforehead            3.089702 1.75775  -0.52  0.53      
           RaceWhite:Fixforehead  6.971308 2.64032   0.17 -0.72 -0.67
 Electrode (Intercept)            0.239189 0.48907                   
           RaceWhite              0.028153 0.16779  -0.97            
           Fixforehead            0.005779 0.07602  -1.00  0.99      
           RaceWhite:Fixforehead  0.015630 0.12502   0.96 -1.00 -0.98
 Residual                        77.056939 8.77821                   
Number of obs: 97678, groups:  Subject, 65; Electrode, 7

Fixed effects:
                      Estimate Std. Error      df t value Pr(>|t|)    
(Intercept)             4.1103     0.4316 58.5800   9.523 1.66e-13 ***
RaceWhite              -1.2274     0.2548 56.1800  -4.817 1.14e-05 ***
Fixforehead            -0.7695     0.2342 62.9700  -3.286  0.00167 ** 
RaceWhite:Fixforehead   0.4423     0.3500 62.4400   1.264  0.21109    
---
Signif. codes:  0 ‘***’ 0.001 ‘**’ 0.01 ‘*’ 0.05 ‘.’ 0.1 ‘ ’ 1

Correlation of Fixed Effects:
            (Intr) RacWht Fxfrhd
RaceWhite   -0.414              
Fixforehead -0.513  0.532       
RcWht:Fxfrh  0.216 -0.723 -0.679
[1] "________________________________________________________________________________________________"
$Subject
   (Intercept)  RaceWhite Fixforehead RaceWhite:Fixforehead
1    5.1973212  3.6287880 -1.11090549           -4.12616997
2    4.1826353 -1.4009691 -0.83256237            2.46566934
3    5.8003925  0.8294555 -0.73502130           -1.90513596
4    5.4066260 -3.2639913 -1.01732524            2.03892530
5    6.0199490 -1.3043369 -1.75471079            2.43939359
6    3.8537776  0.5462049  1.71765086           -2.71452905
7    4.9880928 -4.1247684 -2.88486102            6.05236324
8    1.2813926 -2.7680513 -0.59953397            2.45662903
9    4.2354835 -2.1995934 -2.36572611            3.56611814
10   5.8469318 -1.1021503 -0.70825771            0.71860934
11   4.0870791 -1.3096623  0.24902951           -1.32965894
12   4.6617132 -1.1744190  0.07335461            1.54581604
13   2.5904637 -0.5898566  0.83690363           -0.57040446
14   3.5311641 -0.6208951  0.75996932            1.47666715
15   8.7685158 -1.6356093 -3.34367944            1.06097285
16   7.0091149 -1.3928714 -1.52139517            2.81667270
17   3.2695392 -2.2730239 -0.94351530            0.80346296
18   6.8813676 -3.3134667 -3.06028065            2.04468744
19   6.2170825 -1.9438954  0.62422082           -1.55530520
20   2.6250755 -1.3498965 -0.05105771           -0.45040492
21   0.4038432 -1.0112723  0.67399590           -0.46776322
22   1.3000150  2.3400312  1.13906495           -4.86768796
23  10.6617473 -3.4726607 -1.38750778            0.42264137
24   5.9176907 -1.0415955 -0.99437036            1.50238056
25   0.2391316 -2.1421948 -2.62866356            3.03592362
26  -1.2321688 -0.7920250  1.91331789           -1.15945122
27   5.8581742 -1.9605942 -0.63037583            2.97303854
28   7.1255514 -3.4939312 -3.50943005            4.34281907
29  -2.8960098  2.2171172  3.22172938           -1.70045132
30   8.0198567  0.1665443 -0.81073710           -0.27656565
31   6.2868671 -0.4168187 -0.61497342           -2.01420293
32  -1.1304933  2.0773185 -1.24432946            0.62846167
33   7.7352032 -1.8176846 -4.95314011            3.37091287
34   2.5208956 -4.1218829 -2.51839414            3.28803170
35  -1.5333131  1.0076852  0.90606645           -0.89013204
36   4.5280090 -1.4583472 -1.62637705           -0.01256873
37   4.4524330 -1.1125357  2.52863265           -1.09638547
38   7.9680625  2.3827267 -1.39714593           -3.88776335
39   8.3877903 -1.7348970 -1.46171909           -1.97018163
40   4.3171633  0.1985601  1.09673186           -2.43780614
41  10.7201855 -1.8329018 -1.60001800            0.15028500
42   0.7358023  0.1828073  0.23261350           -0.86121782
43  10.6690861 -4.8372195 -3.32439600            3.16976906
44   3.7441339 -0.5914020  0.26851318           -1.59313424
45   7.6118163 -0.7441939 -2.54657441           -2.12482122
46   4.9603073 -1.7771913 -0.28027869            1.03371195
47   3.1169193 -3.0653778 -3.35160456            5.90505046
48   0.0533676 -2.9949085 -1.40279980            3.30328440
49   2.0208989 -1.7898000 -0.15374445            0.52497057
50   8.1301981 -3.2936950 -2.16557399            2.06991114
51   2.6399284 -2.0183008  0.45985854            1.62998844
52  -1.1104561  1.5019986  3.42165663           -6.16260341
53   1.7616069 -1.2916830 -0.89844145            2.90955224
54   6.1606035 -1.7541445 -0.95315714            1.68501066
55   1.7578571 -0.5824025 -0.01818129           -1.52009641
56   2.5159064 -1.9352831 -4.00877918            4.11495112
57   5.7316885 -2.6780500 -0.80867215            1.37219702
58   3.5927431 -1.7486410 -0.85992673           -0.51355415
59   3.4437333  3.1775943  0.60713589           -3.37259907
60   3.2756993 -0.9548659 -0.08995300            0.08075107
61   4.5874063 -2.8313584 -2.09773749            2.24239716
62   3.6486075 -3.4143056 -0.37029106           -1.38500397
63   1.0730448 -2.3352288  0.48866770           -1.01054827
64   0.5619981  0.2016471 -0.48022407            1.98929329
66   0.3840912 -1.4269246 -1.12017264           -0.50675607

$Electrode
    (Intercept) RaceWhite Fixforehead RaceWhite:Fixforehead
C3     4.295240 -1.297107  -0.7995602             0.4946597
C4     3.629361 -1.077103  -0.6967322             0.3329410
CP3    3.882780 -1.152747  -0.7344462             0.3874491
CP4    3.502709 -1.028246  -0.6759421             0.2960764
CPZ    4.631778 -1.393262  -0.8488889             0.5633028
CZ     4.763422 -1.449862  -0.8715201             0.6066846
PZ     4.067008 -1.193719  -0.7594006             0.4148698

attr(,"class")
[1] "coef.mer"
[1] "________________________________________________________________________________________________"
      AIC       BIC    logLik  deviance  df.resid 
 702373.2  702610.4 -351161.6  702323.2   97653.0 
