Linear mixed model fit by REML t-tests use Satterthwaite approximations to degrees of  freedom
 [lmerMod]
Formula: MeanAmp ~ Race * Fix + (Race * Fix | Subject) + (1 | Electrode)
   Data: dat

REML criterion at convergence: 702330.9

Scaled residuals: 
    Min      1Q  Median      3Q     Max 
-5.7707 -0.6322 -0.0058  0.6279  6.4495 

Random effects:
 Groups    Name                  Variance Std.Dev. Corr             
 Subject   (Intercept)            9.6769  3.1108                    
           RaceWhite              3.5352  1.8802   -0.34            
           Fixforehead            3.0896  1.7577   -0.52  0.53      
           RaceWhite:Fixforehead  6.9715  2.6404    0.17 -0.72 -0.67
 Electrode (Intercept)            0.1603  0.4004                    
 Residual                        77.0603  8.7784                    
Number of obs: 97678, groups:  Subject, 65; Electrode, 7

Fixed effects:
                      Estimate Std. Error      df t value Pr(>|t|)    
(Intercept)             4.1103     0.4183 67.3200   9.825 1.24e-14 ***
RaceWhite              -1.2274     0.2468 63.3600  -4.974 5.30e-06 ***
Fixforehead            -0.7695     0.2324 63.5700  -3.311  0.00154 ** 
RaceWhite:Fixforehead   0.4423     0.3468 63.6500   1.275  0.20687    
---
Signif. codes:  0 ‘***’ 0.001 ‘**’ 0.01 ‘*’ 0.05 ‘.’ 0.1 ‘ ’ 1

Correlation of Fixed Effects:
            (Intr) RacWht Fxfrhd
RaceWhite   -0.331              
Fixforehead -0.479  0.522       
RcWht:Fxfrh  0.167 -0.718 -0.674
[1] "________________________________________________________________________________________________"
$Subject
   (Intercept)  RaceWhite Fixforehead RaceWhite:Fixforehead
1   5.19731457  3.6287962 -1.11088973           -4.12618856
2   4.18263944 -1.4009732 -0.83256622            2.46566551
3   5.80038902  0.8294606 -0.73501469           -1.90514539
4   5.40662429 -3.2639893 -1.01732637            2.03892687
5   6.01994769 -1.3043354 -1.75470587            2.43938184
6   3.85378425  0.5462027  1.71763872           -2.71452520
7   4.98809147 -4.1247700 -2.88485600            6.05235656
8   1.28139861 -2.7680596 -0.59954342            2.45664229
9   4.23548205 -2.1995946 -2.36571998            3.56611154
10  5.84693139 -1.1021485 -0.70825683            0.71860280
11  4.08707937 -1.3096613  0.24902579           -1.32965306
12  4.66171847 -1.1744225  0.07334732            1.54581338
13  2.59046996 -0.5898616  0.83689311           -0.57039735
14  3.53117472 -0.6209032  0.75995434            1.47666681
15  8.76850220 -1.6355959 -3.34365694            1.06095258
16  7.00911438 -1.3928696 -1.52139150            2.81665751
17  3.26953850 -2.2730249 -0.94351610            0.80347079
18  6.88135542 -3.3134563 -3.06026393            2.04467868
19  6.21708128 -1.9438906  0.62421717           -1.55530272
20  2.62507774 -1.3498991 -0.05106317           -0.45039567
21  0.40385035 -1.0112803  0.67398379           -0.46774768
22  1.30001890  2.3400286  1.13905898           -4.86767833
23 10.66173624 -3.4726462 -1.38749655            0.42262819
24  5.91769084 -1.0415945 -0.99436886            1.50237131
25  0.23913147 -2.1422008 -2.62865970            3.03593185
26 -1.23215562 -0.7920384  1.91329606           -1.15942670
27  5.85817925 -1.9605970 -0.63038175            2.97302779
28  7.12554306 -3.4939248 -3.50941581            4.34280600
29 -2.89598735  2.2170959  3.22169805           -1.70043121
30  8.01985381  0.1665504 -0.81073122           -0.27658227
31  6.28686200 -0.4168117 -0.61496731           -2.01420822
32 -1.13047945  2.0772976 -1.24433359            0.62846572
33  7.73518120 -1.8176671 -4.95309848            3.37087740
34  2.52089087 -4.1218834 -2.51838845            3.28804104
35 -1.53329983  1.0076705  0.90604932           -0.89011492
36  4.52800400 -1.4583433 -1.62636987           -0.01256950
37  4.45244289 -1.1125407  2.52861331           -1.09637769
38  7.96805101  2.3827415 -1.39712546           -3.88778706
39  8.38777708 -1.7348814 -1.46170366           -1.97019056
40  4.31716659  0.1985599  1.09672447           -2.43780343
41 10.72017557 -1.8328880 -1.60000475            0.15026501
42  0.73580795  0.1828008  0.23260611           -0.86120867
43 10.66907156 -4.8372044 -3.32437709            3.16975263
44  3.74413486 -0.5914018  0.26850986           -1.59312999
45  7.61180138 -0.7441790 -2.54655279           -2.12483295
46  4.96030918 -1.7771918 -0.28028281            1.03371102
47  3.11691882 -3.0653832 -3.35159542            5.90504318
48  0.05337309 -2.9949188 -1.40280681            3.30330048
49  2.02090260 -1.7898046 -0.15375130            0.52498085
50  8.13018810 -3.2936844 -2.16556137            2.06989885
51  2.63994304 -2.0183145  0.45983404            1.63000383
52 -1.11044304  1.5019878  3.42163204           -6.16257323
53  1.76161489 -1.2916936 -0.89844930            2.90955494
54  6.16060296 -1.7541426 -0.95315613            1.68500180
55  1.75785872 -0.5824048 -0.01818496           -1.52008644
56  2.51590129 -1.9352845 -4.00876374            4.11494544
57  5.73168708 -2.6780478 -0.80867230            1.37219600
58  3.59274041 -1.7486391 -0.85992482           -0.51354785
59  3.44373704  3.1775929  0.60713411           -3.37260554
60  3.27570220 -0.9548684 -0.08995773            0.08075451
61  4.58740208 -2.8313562 -2.09773142            2.24239641
62  3.64859934 -3.4142987 -0.37029075           -1.38497738
63  1.07304763 -2.3352326  0.48865840           -1.01052807
64  0.56200779  0.2016355 -0.48023303            1.98929679
66  0.38409011 -1.4269299 -1.12017217           -0.50673506

$Electrode
    (Intercept) RaceWhite Fixforehead RaceWhite:Fixforehead
C3     4.252134 -1.227436  -0.7694985             0.4422835
C4     3.705252 -1.227436  -0.7694985             0.4422835
CP3    3.925935 -1.227436  -0.7694985             0.4422835
CP4    3.610939 -1.227436  -0.7694985             0.4422835
CPZ    4.543012 -1.227436  -0.7694985             0.4422835
CZ     4.634616 -1.227436  -0.7694985             0.4422835
PZ     4.100411 -1.227436  -0.7694985             0.4422835

attr(,"class")
[1] "coef.mer"
[1] "________________________________________________________________________________________________"
      AIC       BIC    logLik  deviance  df.resid 
 702358.9  702510.7 -351163.4  702326.9   97662.0 
