Linear mixed model fit by REML t-tests use Satterthwaite approximations to degrees of  freedom
 [lmerMod]
Formula: MeanAmp ~ Race * Fix + (Race * Fix | Subject) + (1 | Electrode) +      (1 | Trial)
   Data: dat

REML criterion at convergence: 701544.9

Scaled residuals: 
    Min      1Q  Median      3Q     Max 
-5.5959 -0.6316 -0.0041  0.6263  6.3734 

Random effects:
 Groups    Name                  Variance Std.Dev. Corr             
 Trial     (Intercept)            0.9986  0.9993                    
 Subject   (Intercept)            9.7250  3.1185                    
           RaceWhite              3.6909  1.9212   -0.35            
           Fixforehead            3.1190  1.7661   -0.53  0.54      
           RaceWhite:Fixforehead  7.1847  2.6804    0.18 -0.72 -0.68
 Electrode (Intercept)            0.1604  0.4005                    
 Residual                        76.0856  8.7227                    
Number of obs: 97678, groups:  Trial, 256; Subject, 65; Electrode, 7

Fixed effects:
                      Estimate Std. Error      df t value Pr(>|t|)    
(Intercept)             4.1135     0.4239 70.4000   9.704 1.29e-14 ***
RaceWhite              -1.2075     0.2516 63.3100  -4.799 1.01e-05 ***
Fixforehead            -0.7561     0.2335 63.6800  -3.238  0.00191 ** 
RaceWhite:Fixforehead   0.4190     0.3516 63.6100   1.192  0.23771    
---
Signif. codes:  0 ‘***’ 0.001 ‘**’ 0.01 ‘*’ 0.05 ‘.’ 0.1 ‘ ’ 1

Correlation of Fixed Effects:
            (Intr) RacWht Fxfrhd
RaceWhite   -0.335              
Fixforehead -0.484  0.539       
RcWht:Fxfrh  0.174 -0.723 -0.683
[1] "________________________________________________________________________________________________"
$Trial
    (Intercept) RaceWhite Fixforehead RaceWhite:Fixforehead
1      4.110881  -1.20748  -0.7560561             0.4190446
2      3.700619  -1.20748  -0.7560561             0.4190446
3      2.687581  -1.20748  -0.7560561             0.4190446
4      2.541820  -1.20748  -0.7560561             0.4190446
5      2.808669  -1.20748  -0.7560561             0.4190446
6      4.070309  -1.20748  -0.7560561             0.4190446
7      2.670746  -1.20748  -0.7560561             0.4190446
8      4.412000  -1.20748  -0.7560561             0.4190446
9      3.177194  -1.20748  -0.7560561             0.4190446
10     2.898876  -1.20748  -0.7560561             0.4190446
11     2.159701  -1.20748  -0.7560561             0.4190446
12     4.465119  -1.20748  -0.7560561             0.4190446
13     3.869747  -1.20748  -0.7560561             0.4190446
14     3.644504  -1.20748  -0.7560561             0.4190446
15     3.768808  -1.20748  -0.7560561             0.4190446
16     3.109005  -1.20748  -0.7560561             0.4190446
17     2.791399  -1.20748  -0.7560561             0.4190446
18     3.448687  -1.20748  -0.7560561             0.4190446
19     3.955540  -1.20748  -0.7560561             0.4190446
20     5.572729  -1.20748  -0.7560561             0.4190446
21     3.753110  -1.20748  -0.7560561             0.4190446
22     3.443545  -1.20748  -0.7560561             0.4190446
23     5.117810  -1.20748  -0.7560561             0.4190446
24     5.826923  -1.20748  -0.7560561             0.4190446
25     2.830135  -1.20748  -0.7560561             0.4190446
26     2.669428  -1.20748  -0.7560561             0.4190446
27     2.522208  -1.20748  -0.7560561             0.4190446
28     3.082574  -1.20748  -0.7560561             0.4190446
29     2.565137  -1.20748  -0.7560561             0.4190446
30     4.132523  -1.20748  -0.7560561             0.4190446
31     2.662737  -1.20748  -0.7560561             0.4190446
32     3.102370  -1.20748  -0.7560561             0.4190446
33     5.544719  -1.20748  -0.7560561             0.4190446
34     3.949374  -1.20748  -0.7560561             0.4190446
35     4.680589  -1.20748  -0.7560561             0.4190446
36     2.677073  -1.20748  -0.7560561             0.4190446
37     5.339919  -1.20748  -0.7560561             0.4190446
38     4.584503  -1.20748  -0.7560561             0.4190446
39     2.978424  -1.20748  -0.7560561             0.4190446
40     3.762695  -1.20748  -0.7560561             0.4190446
41     3.136447  -1.20748  -0.7560561             0.4190446
42     3.715263  -1.20748  -0.7560561             0.4190446
43     4.321317  -1.20748  -0.7560561             0.4190446
44     4.456593  -1.20748  -0.7560561             0.4190446
45     2.805676  -1.20748  -0.7560561             0.4190446
46     3.441307  -1.20748  -0.7560561             0.4190446
47     2.532529  -1.20748  -0.7560561             0.4190446
48     4.360511  -1.20748  -0.7560561             0.4190446
49     3.235695  -1.20748  -0.7560561             0.4190446
50     4.140884  -1.20748  -0.7560561             0.4190446
51     5.064028  -1.20748  -0.7560561             0.4190446
52     5.256742  -1.20748  -0.7560561             0.4190446
53     4.205443  -1.20748  -0.7560561             0.4190446
54     5.382760  -1.20748  -0.7560561             0.4190446
55     4.489767  -1.20748  -0.7560561             0.4190446
56     4.726378  -1.20748  -0.7560561             0.4190446
57     3.170897  -1.20748  -0.7560561             0.4190446
58     4.615751  -1.20748  -0.7560561             0.4190446
59     4.447912  -1.20748  -0.7560561             0.4190446
60     4.372445  -1.20748  -0.7560561             0.4190446
61     3.651776  -1.20748  -0.7560561             0.4190446
62     5.895622  -1.20748  -0.7560561             0.4190446
63     3.460866  -1.20748  -0.7560561             0.4190446
64     3.732067  -1.20748  -0.7560561             0.4190446
65     4.322578  -1.20748  -0.7560561             0.4190446
66     2.714756  -1.20748  -0.7560561             0.4190446
67     3.496121  -1.20748  -0.7560561             0.4190446
68     3.142704  -1.20748  -0.7560561             0.4190446
69     3.652482  -1.20748  -0.7560561             0.4190446
70     3.343749  -1.20748  -0.7560561             0.4190446
71     3.306368  -1.20748  -0.7560561             0.4190446
72     3.369298  -1.20748  -0.7560561             0.4190446
73     4.252725  -1.20748  -0.7560561             0.4190446
74     4.572060  -1.20748  -0.7560561             0.4190446
75     4.655861  -1.20748  -0.7560561             0.4190446
76     3.713902  -1.20748  -0.7560561             0.4190446
77     5.015658  -1.20748  -0.7560561             0.4190446
78     3.536556  -1.20748  -0.7560561             0.4190446
79     3.848439  -1.20748  -0.7560561             0.4190446
80     4.820121  -1.20748  -0.7560561             0.4190446
81     2.573778  -1.20748  -0.7560561             0.4190446
82     3.180355  -1.20748  -0.7560561             0.4190446
83     4.836504  -1.20748  -0.7560561             0.4190446
84     3.024529  -1.20748  -0.7560561             0.4190446
85     5.322464  -1.20748  -0.7560561             0.4190446
86     4.571406  -1.20748  -0.7560561             0.4190446
87     5.963710  -1.20748  -0.7560561             0.4190446
88     3.453437  -1.20748  -0.7560561             0.4190446
89     4.253051  -1.20748  -0.7560561             0.4190446
90     3.416019  -1.20748  -0.7560561             0.4190446
91     3.463815  -1.20748  -0.7560561             0.4190446
92     3.367752  -1.20748  -0.7560561             0.4190446
93     3.414089  -1.20748  -0.7560561             0.4190446
94     4.206582  -1.20748  -0.7560561             0.4190446
95     3.961696  -1.20748  -0.7560561             0.4190446
96     3.070492  -1.20748  -0.7560561             0.4190446
97     3.397992  -1.20748  -0.7560561             0.4190446
98     4.058421  -1.20748  -0.7560561             0.4190446
99     3.008355  -1.20748  -0.7560561             0.4190446
100    3.899353  -1.20748  -0.7560561             0.4190446
101    4.691594  -1.20748  -0.7560561             0.4190446
102    2.815279  -1.20748  -0.7560561             0.4190446
103    2.019835  -1.20748  -0.7560561             0.4190446
104    5.042696  -1.20748  -0.7560561             0.4190446
105    6.509353  -1.20748  -0.7560561             0.4190446
106    4.383884  -1.20748  -0.7560561             0.4190446
107    4.187242  -1.20748  -0.7560561             0.4190446
108    3.951769  -1.20748  -0.7560561             0.4190446
109    4.507561  -1.20748  -0.7560561             0.4190446
110    4.906087  -1.20748  -0.7560561             0.4190446
111    4.329636  -1.20748  -0.7560561             0.4190446
112    2.603545  -1.20748  -0.7560561             0.4190446
113    2.918702  -1.20748  -0.7560561             0.4190446
114    2.674501  -1.20748  -0.7560561             0.4190446
115    4.605172  -1.20748  -0.7560561             0.4190446
116    5.000693  -1.20748  -0.7560561             0.4190446
117    2.880337  -1.20748  -0.7560561             0.4190446
118    2.955570  -1.20748  -0.7560561             0.4190446
119    4.670783  -1.20748  -0.7560561             0.4190446
120    3.711382  -1.20748  -0.7560561             0.4190446
121    5.382070  -1.20748  -0.7560561             0.4190446
122    3.970492  -1.20748  -0.7560561             0.4190446
123    4.051343  -1.20748  -0.7560561             0.4190446
124    4.581963  -1.20748  -0.7560561             0.4190446
125    2.931053  -1.20748  -0.7560561             0.4190446
126    4.154649  -1.20748  -0.7560561             0.4190446
127    3.220464  -1.20748  -0.7560561             0.4190446
128    4.463907  -1.20748  -0.7560561             0.4190446
129    3.131832  -1.20748  -0.7560561             0.4190446
130    5.272706  -1.20748  -0.7560561             0.4190446
131    3.779772  -1.20748  -0.7560561             0.4190446
132    5.044917  -1.20748  -0.7560561             0.4190446
133    3.263235  -1.20748  -0.7560561             0.4190446
134    4.115989  -1.20748  -0.7560561             0.4190446
135    5.428360  -1.20748  -0.7560561             0.4190446
136    5.023096  -1.20748  -0.7560561             0.4190446
137    5.028542  -1.20748  -0.7560561             0.4190446
138    3.832257  -1.20748  -0.7560561             0.4190446
139    4.737760  -1.20748  -0.7560561             0.4190446
140    3.646969  -1.20748  -0.7560561             0.4190446
141    4.455299  -1.20748  -0.7560561             0.4190446
142    3.882749  -1.20748  -0.7560561             0.4190446
143    4.287937  -1.20748  -0.7560561             0.4190446
144    4.247715  -1.20748  -0.7560561             0.4190446
145    4.333693  -1.20748  -0.7560561             0.4190446
146    4.554122  -1.20748  -0.7560561             0.4190446
147    4.401841  -1.20748  -0.7560561             0.4190446
148    4.611516  -1.20748  -0.7560561             0.4190446
149    4.597111  -1.20748  -0.7560561             0.4190446
150    3.737791  -1.20748  -0.7560561             0.4190446
151    5.631493  -1.20748  -0.7560561             0.4190446
152    5.927513  -1.20748  -0.7560561             0.4190446
153    3.172680  -1.20748  -0.7560561             0.4190446
154    4.222695  -1.20748  -0.7560561             0.4190446
155    3.810280  -1.20748  -0.7560561             0.4190446
156    3.119735  -1.20748  -0.7560561             0.4190446
157    5.771121  -1.20748  -0.7560561             0.4190446
158    3.243377  -1.20748  -0.7560561             0.4190446
159    3.651943  -1.20748  -0.7560561             0.4190446
160    4.321350  -1.20748  -0.7560561             0.4190446
161    3.533522  -1.20748  -0.7560561             0.4190446
162    4.525055  -1.20748  -0.7560561             0.4190446
163    4.839350  -1.20748  -0.7560561             0.4190446
164    4.877147  -1.20748  -0.7560561             0.4190446
165    3.632110  -1.20748  -0.7560561             0.4190446
166    4.590323  -1.20748  -0.7560561             0.4190446
167    3.512053  -1.20748  -0.7560561             0.4190446
168    3.754509  -1.20748  -0.7560561             0.4190446
169    4.685569  -1.20748  -0.7560561             0.4190446
170    3.431955  -1.20748  -0.7560561             0.4190446
171    5.447482  -1.20748  -0.7560561             0.4190446
172    4.214795  -1.20748  -0.7560561             0.4190446
173    4.469322  -1.20748  -0.7560561             0.4190446
174    4.623978  -1.20748  -0.7560561             0.4190446
175    5.268312  -1.20748  -0.7560561             0.4190446
176    3.902322  -1.20748  -0.7560561             0.4190446
177    4.005443  -1.20748  -0.7560561             0.4190446
178    4.654532  -1.20748  -0.7560561             0.4190446
179    3.371831  -1.20748  -0.7560561             0.4190446
180    4.716243  -1.20748  -0.7560561             0.4190446
181    5.523520  -1.20748  -0.7560561             0.4190446
182    4.812528  -1.20748  -0.7560561             0.4190446
183    5.980730  -1.20748  -0.7560561             0.4190446
184    4.784911  -1.20748  -0.7560561             0.4190446
185    4.860398  -1.20748  -0.7560561             0.4190446
186    3.843051  -1.20748  -0.7560561             0.4190446
187    3.842325  -1.20748  -0.7560561             0.4190446
188    5.506290  -1.20748  -0.7560561             0.4190446
189    5.854373  -1.20748  -0.7560561             0.4190446
190    2.673504  -1.20748  -0.7560561             0.4190446
191    3.742192  -1.20748  -0.7560561             0.4190446
192    3.925020  -1.20748  -0.7560561             0.4190446
193    4.144308  -1.20748  -0.7560561             0.4190446
194    4.269310  -1.20748  -0.7560561             0.4190446
195    4.335481  -1.20748  -0.7560561             0.4190446
196    4.310337  -1.20748  -0.7560561             0.4190446
197    3.595600  -1.20748  -0.7560561             0.4190446
198    4.240819  -1.20748  -0.7560561             0.4190446
199    3.408346  -1.20748  -0.7560561             0.4190446
200    3.692109  -1.20748  -0.7560561             0.4190446
201    3.628627  -1.20748  -0.7560561             0.4190446
202    5.155546  -1.20748  -0.7560561             0.4190446
203    6.302756  -1.20748  -0.7560561             0.4190446
204    3.411873  -1.20748  -0.7560561             0.4190446
205    5.547634  -1.20748  -0.7560561             0.4190446
206    3.476903  -1.20748  -0.7560561             0.4190446
207    2.713037  -1.20748  -0.7560561             0.4190446
208    4.058065  -1.20748  -0.7560561             0.4190446
209    2.895811  -1.20748  -0.7560561             0.4190446
210    3.913152  -1.20748  -0.7560561             0.4190446
211    4.486668  -1.20748  -0.7560561             0.4190446
212    3.317169  -1.20748  -0.7560561             0.4190446
213    4.885310  -1.20748  -0.7560561             0.4190446
214    3.986063  -1.20748  -0.7560561             0.4190446
215    3.845898  -1.20748  -0.7560561             0.4190446
216    3.885631  -1.20748  -0.7560561             0.4190446
217    5.343639  -1.20748  -0.7560561             0.4190446
218    4.449991  -1.20748  -0.7560561             0.4190446
219    5.829230  -1.20748  -0.7560561             0.4190446
220    5.254762  -1.20748  -0.7560561             0.4190446
221    3.837543  -1.20748  -0.7560561             0.4190446
222    5.597735  -1.20748  -0.7560561             0.4190446
223    3.533015  -1.20748  -0.7560561             0.4190446
224    4.303651  -1.20748  -0.7560561             0.4190446
225    4.608986  -1.20748  -0.7560561             0.4190446
226    4.870963  -1.20748  -0.7560561             0.4190446
227    3.548203  -1.20748  -0.7560561             0.4190446
228    2.903724  -1.20748  -0.7560561             0.4190446
229    4.677200  -1.20748  -0.7560561             0.4190446
230    4.020905  -1.20748  -0.7560561             0.4190446
231    3.367503  -1.20748  -0.7560561             0.4190446
232    3.726250  -1.20748  -0.7560561             0.4190446
233    4.572505  -1.20748  -0.7560561             0.4190446
234    4.209120  -1.20748  -0.7560561             0.4190446
235    5.487187  -1.20748  -0.7560561             0.4190446
236    4.485958  -1.20748  -0.7560561             0.4190446
237    5.076254  -1.20748  -0.7560561             0.4190446
238    4.443180  -1.20748  -0.7560561             0.4190446
239    3.811538  -1.20748  -0.7560561             0.4190446
240    5.632468  -1.20748  -0.7560561             0.4190446
241    5.871683  -1.20748  -0.7560561             0.4190446
242    3.549584  -1.20748  -0.7560561             0.4190446
243    4.995868  -1.20748  -0.7560561             0.4190446
244    5.300755  -1.20748  -0.7560561             0.4190446
245    5.559346  -1.20748  -0.7560561             0.4190446
246    4.548240  -1.20748  -0.7560561             0.4190446
247    5.712797  -1.20748  -0.7560561             0.4190446
248    4.580815  -1.20748  -0.7560561             0.4190446
249    5.998394  -1.20748  -0.7560561             0.4190446
250    2.944086  -1.20748  -0.7560561             0.4190446
251    4.252295  -1.20748  -0.7560561             0.4190446
252    3.035914  -1.20748  -0.7560561             0.4190446
253    4.492313  -1.20748  -0.7560561             0.4190446
254    6.078620  -1.20748  -0.7560561             0.4190446
255    4.195053  -1.20748  -0.7560561             0.4190446
256    3.101320  -1.20748  -0.7560561             0.4190446

$Subject
   (Intercept)  RaceWhite Fixforehead RaceWhite:Fixforehead
1   5.15338761  3.7855580 -0.88379183          -4.425503188
2   4.08142018 -1.2870276 -0.69860596           2.385808113
3   5.95235317  0.7752097 -1.04048455          -1.733448171
4   5.44143208 -3.3195822 -1.23574353           2.403019062
5   5.99553014 -1.1954976 -1.66793745           2.151887840
6   3.79511235  0.6480316  1.79517436          -2.727272711
7   5.15969506 -4.2357108 -3.10421893           6.166420271
8   1.14675250 -2.7198904 -0.43883231           2.420332430
9   4.21396618 -2.1085874 -2.44743663           3.569193327
10  5.84342470 -1.0995373 -0.68755628           0.673469387
11  4.25924727 -1.5352435  0.11055777          -1.162668882
12  4.57727734 -1.1185911  0.22808675           1.385726863
13  2.56099984 -0.5028872  0.72800391          -0.447335107
14  3.50835097 -0.3011691  0.91375786           0.952167164
15  8.86519361 -1.6436131 -3.56786619           1.200489301
16  6.88309323 -1.3212535 -1.44757870           2.996119821
17  3.17959603 -2.1598582 -0.88930014           0.671385685
18  6.82434028 -3.2022017 -2.89521968           1.725487962
19  6.23451370 -1.9209801  0.59431093          -1.650521334
20  2.59533584 -1.3192359 -0.15115977          -0.259785548
21  0.46592555 -1.0982947  0.57743156          -0.335999628
22  1.28295905  2.4051884  1.20800876          -5.099553524
23 10.60474433 -3.4442776 -1.21850867           0.232375446
24  5.85585558 -0.9125714 -1.02678724           1.574789551
25  0.23380064 -2.2712068 -2.59711366           3.330124592
26 -1.22330042 -0.6910326  1.76168523          -1.213615236
27  6.01297656 -1.9893569 -0.87397344           3.043139811
28  7.25905669 -3.6453783 -3.60515327           4.314827862
29 -2.88298112  2.2224556  3.22159649          -1.655956863
30  8.07745256  0.3492545 -0.96099005          -0.541633767
31  6.19959849 -0.2498188 -0.59259964          -2.048926973
32 -1.05070296  2.3623863 -1.07645639           0.355437008
33  7.70798545 -1.8251861 -4.93388531           3.505297044
34  2.64369711 -4.2591966 -2.56225487           3.495275429
35 -1.72452796  1.2430328  1.05551909          -0.981008772
36  4.52192271 -1.5409850 -1.57818442          -0.018598444
37  4.31876995 -0.7867384  2.76190252          -1.696430632
38  7.95681640  2.1883498 -1.39920086          -3.635865568
39  8.26110853 -1.5150150 -1.18862150          -2.173375862
40  4.35863216  0.1685362  1.28995100          -2.866737585
41 10.79597115 -1.9401008 -1.72514742           0.312786703
42  0.62069078  0.3218302  0.27475365          -0.729105876
43 10.74423500 -4.9698205 -3.53845628           3.549911641
44  3.75036477 -0.6608921  0.26415622          -1.489769445
45  7.61662251 -0.6947341 -2.47988504          -2.321227325
46  4.87804569 -1.5963579 -0.04578052           0.714590169
47  2.99003242 -3.1533428 -3.12111626           6.067369145
48  0.05759877 -2.7848189 -1.23871821           2.718246337
49  2.20147593 -2.1005945 -0.51824213           1.188552752
50  8.26075779 -3.3520415 -2.31806001           2.306373938
51  2.78976353 -2.1717741  0.38252919           1.616181482
52 -1.02057737  1.3863796  3.29596873          -6.026784672
53  1.79355722 -1.2383783 -0.90428472           2.757297886
54  6.06279923 -1.8977068 -0.80931597           1.904044876
55  1.78250740 -0.6217449  0.08034726          -1.759387408
56  2.50863916 -2.0091698 -3.73710045           3.817203767
57  5.75536038 -2.7952133 -0.82935003           1.608263671
58  3.67965019 -1.7425749 -1.02122543          -0.403851486
59  3.33969410  3.2763827  0.72891261          -3.441420252
60  3.27070762 -0.9375714 -0.05956081          -0.004931836
61  4.62002322 -2.9453165 -2.01608348           2.243109053
62  3.76815795 -3.4043689 -0.32278423          -1.494580383
63  0.99576674 -2.1705497  0.55557700          -1.182226247
64  0.56730442  0.1950449 -0.42703622           1.948762527
66  0.39456541 -1.4068653 -1.09027216          -0.540043899

$Electrode
    (Intercept) RaceWhite Fixforehead RaceWhite:Fixforehead
C3     4.255322  -1.20748  -0.7560561             0.4190446
C4     3.708201  -1.20748  -0.7560561             0.4190446
CP3    3.928980  -1.20748  -0.7560561             0.4190446
CP4    3.613847  -1.20748  -0.7560561             0.4190446
CPZ    4.546327  -1.20748  -0.7560561             0.4190446
CZ     4.637970  -1.20748  -0.7560561             0.4190446
PZ     4.103533  -1.20748  -0.7560561             0.4190446

attr(,"class")
[1] "coef.mer"
[1] "________________________________________________________________________________________________"
      AIC       BIC    logLik  deviance  df.resid 
 701575.0  701736.3 -350770.5  701541.0   97661.0 
