Linear mixed model fit by REML t-tests use Satterthwaite approximations to degrees of  freedom
 [lmerMod]
Formula: MeanAmp ~ Race * Fix + (Race * Fix | Subject) + (1 | Electrode) +  
    (Race * Fix | Trial)
   Data: dat

REML criterion at convergence: 698561.9

Scaled residuals: 
    Min      1Q  Median      3Q     Max 
-5.7044 -0.6339 -0.0044  0.6287  6.3114 

Random effects:
 Groups    Name                  Variance Std.Dev. Corr             
 Trial     (Intercept)            4.7976  2.1903                    
           RaceWhite              8.9088  2.9848   -0.70            
           Fixforehead           10.0398  3.1686   -0.74  0.45      
           RaceWhite:Fixforehead 18.1686  4.2625    0.52 -0.72 -0.66
 Subject   (Intercept)            9.8442  3.1375                    
           RaceWhite              3.9734  1.9933   -0.36            
           Fixforehead            3.1177  1.7657   -0.53  0.55      
           RaceWhite:Fixforehead  7.6434  2.7647    0.17 -0.74 -0.67
 Electrode (Intercept)            0.1606  0.4008                    
 Residual                        72.6588  8.5240                    
Number of obs: 97678, groups:  Trial, 256; Subject, 65; Electrode, 7

Fixed effects:
                      Estimate Std. Error       df t value Pr(>|t|)    
(Intercept)             4.1544     0.4432  82.2200   9.374 1.27e-14 ***
RaceWhite              -1.3059     0.3202 133.2400  -4.079 7.75e-05 ***
Fixforehead            -0.8048     0.3063 160.7000  -2.628  0.00943 ** 
RaceWhite:Fixforehead   0.4523     0.4492 137.6500   1.007  0.31571    
---
Signif. codes:  0 ‘***’ 0.001 ‘**’ 0.01 ‘*’ 0.05 ‘.’ 0.1 ‘ ’ 1

Correlation of Fixed Effects:
            (Intr) RacWht Fxfrhd
RaceWhite   -0.392              
Fixforehead -0.502  0.509       
RcWht:Fxfrh  0.227 -0.727 -0.668
[1] "________________________________________________________________________________________________"
$Trial
    (Intercept)     RaceWhite Fixforehead RaceWhite:Fixforehead
1    5.85004473 -3.501487e+00 -1.09124418         -2.727091e+00
2    2.65685393  1.821963e+00 -0.18010267         -2.801946e+00
3    2.22701824 -4.373550e+00  1.36461213          3.943536e+00
4   -0.02066099  1.516399e+00  3.01312863         -2.225263e+00
5    3.76364516  9.871372e-01 -4.02109253         -1.557257e+00
6    4.43641011 -2.369693e+00 -1.01842840          1.864779e+00
7    1.76954562  2.035657e+00  0.32314858         -5.005780e+00
8    4.25561074 -2.319831e+00  0.73216929         -4.410173e-01
9    3.15163342  2.188480e-01 -1.58910643         -7.742765e-01
10   2.30967707  1.604476e+00 -1.46500293         -2.529169e+00
11   0.83784517  3.212875e-01  0.35518148          2.295863e-01
12   3.13725391  2.881893e+00 -0.91088843         -1.272987e+00
13   4.37253071 -3.345762e-01 -2.56122238         -9.569602e-01
14   1.83972526  2.530437e+00  2.67512138         -7.382248e+00
15   2.89099984 -2.102466e+00  1.62264503          1.464929e+00
16  -0.67257200  4.125923e+00  3.07694375         -4.147295e+00
17   3.12590600 -2.618004e+00 -1.19245389          3.231003e+00
18   2.54058427 -5.470106e+00 -0.33559059          8.731781e+00
19   3.74866022 -1.050642e+00  1.56949280         -3.231712e+00
20   5.75297227 -2.995759e+00 -0.44889436          2.726122e+00
21   4.23927469 -2.351744e+00 -2.20437847          3.298202e+00
22   4.34593920 -3.999476e+00 -2.49891601          6.405431e+00
23   2.30749506  4.341166e+00  6.94471439         -1.302700e+01
24   7.79554776 -2.958775e+00 -2.63059000          1.079738e-01
25   3.06649787 -1.041467e+00 -4.52893880          6.485186e+00
26   2.47126750 -2.096831e+00  1.75089086         -1.546385e+00
27   2.97584518 -1.318694e+00  0.91717046         -4.149422e+00
28   1.73743636  5.780573e-01  1.90535016         -3.479736e+00
29   4.66715614 -2.971250e+00 -1.50490242         -2.447948e+00
30   3.34579450 -1.556620e+00  1.18727908          1.236386e+00
31   4.97392558 -2.798179e+00 -4.08593045          1.650629e+00
32   3.15202149  1.478683e+00 -2.63071957         -1.435731e+00
33  -0.07603444  4.081433e+00  4.87632565         -2.048217e-01
34   5.42127109 -3.037493e+00 -2.26500294          1.408267e+00
35   4.70463096 -4.328514e+00  1.16327695          3.050111e+00
36   4.76499298 -1.413380e+00 -5.02374140          5.283150e-01
37   1.44594730  4.116330e+00  4.47310904         -6.135828e+00
38   0.90113058  1.007428e+00  6.33228109         -3.953960e+00
39   2.05157439  2.099266e+00 -0.56854349         -2.779941e+00
40   3.70845434 -4.603959e+00  1.11315419          3.448891e+00
41   4.29012688 -1.996335e+00 -3.54475702          3.064451e+00
42   1.87419826  2.162735e+00 -1.39777570          2.404664e+00
43   2.72036366 -8.047250e-01  2.09125822          1.087576e-01
44   5.31350907 -1.189017e+00 -1.75515249         -6.019079e-01
45   1.91338513  2.060032e+00 -0.58511776         -3.098690e+00
46   4.10583339 -3.135042e+00 -1.30022449          2.466075e+00
47   0.34108532  1.967954e+00  1.19581867         -5.799659e-01
48   4.29154845 -2.836483e+00  2.23873653         -2.956244e+00
49   3.89548329 -5.248471e-01 -1.17537288         -2.654965e+00
50   2.76230244 -2.778863e+00  3.88453181         -4.421496e-01
51   7.48179832 -3.236429e+00 -5.11779945          3.879469e+00
52   6.29010865 -4.290774e+00 -2.18111150          4.989521e+00
53   3.72362993 -1.145698e-01 -0.85409059          4.723398e-01
54   6.63893466 -3.787422e+00 -3.08680791          5.251681e+00
55   5.48207802 -2.839290e+00 -0.88500566         -4.070170e-01
56   6.79879277 -6.070785e+00 -3.04828411          6.471363e+00
57   1.76086732  2.445768e+00  0.30936083         -4.467972e+00
58   4.01652135 -1.354105e+00 -0.58938280          3.034905e+00
59   2.66055099  1.514521e+00  2.52013462         -4.825791e+00
60   2.85033051 -8.784276e-01  3.48285885         -2.374014e+00
61   7.19952969 -7.820741e+00 -6.55327204          1.190416e+01
62   5.73049188  9.848462e-02 -2.57712499          1.630770e+00
63   3.74676773  1.063087e+00 -1.51240448         -3.036612e+00
64   4.11491278 -4.093652e+00 -0.39236915          4.346095e+00
65   5.60989535 -1.250919e+00 -3.81302953         -1.272234e-01
66   0.30928424  1.843739e-01  3.87227944         -3.711798e+00
67   1.83795857 -7.891121e-04  1.51755936          1.304752e-01
68   2.87325835 -2.499571e+00 -0.28857643          3.873370e+00
69   1.50313804  3.492496e+00  4.01751305         -8.206534e+00
70   3.24941813 -1.376734e+00 -2.16521916          4.908894e+00
71   3.86802896 -4.193913e+00 -0.64915611          3.267769e+00
72   5.86950857 -2.915386e+00 -4.35388929          3.945846e-01
73   4.11909037  9.407353e-01  0.53734989         -5.735747e+00
74   4.22029032 -1.796993e+00  1.05793064         -9.700114e-01
75   3.25686262  7.038340e-02 -0.29534020          2.924169e+00
76   2.77885547 -9.166210e-01  2.34481173         -2.874805e+00
77   8.68171153 -1.759693e+00 -9.67565800          4.013618e+00
78   3.70203673  1.236752e+00 -1.52234011         -3.384372e+00
79   2.64399802  1.992285e+00 -0.56231083         -1.926259e+00
80   0.89289594  4.097277e-01  6.88546246         -3.072284e+00
81   0.19370224  1.567216e-01  3.97156303         -2.240772e+00
82   1.32611180  9.098595e-01  1.30653505         -1.192473e+00
83   6.59365453 -2.495081e+00 -8.05514842          8.405536e+00
84   1.13659438  1.460010e+00  0.40333126          5.405486e-01
85   6.55474094 -1.696287e+00 -5.58222141          5.970337e+00
86   0.35781902  3.463722e+00  3.65208925         -2.050964e+00
87   5.84781069  5.897131e-01 -0.74607477         -2.573728e+00
88   7.45883598 -5.780184e+00 -7.16150080          7.466314e+00
89   4.62941895 -2.636978e+00 -1.62276087          3.209601e+00
90   2.47504684  3.059261e-01  1.80222815         -3.906927e+00
91   3.34209193 -1.140056e+00 -1.76001913          2.322436e+00
92   3.93775920 -1.311044e+00  0.77670150         -4.338071e+00
93   4.26948637 -1.036200e+00 -4.21321136          3.577058e+00
94   1.95941942 -2.062951e+00  2.41045848          3.416160e+00
95   1.39987984  1.901801e+00  1.42960535         -1.064206e+00
96   5.54660824 -6.123882e+00 -1.54642204          2.222119e+00
97   7.14723799 -1.075193e+01 -2.79480255          9.120356e+00
98   2.35241181  7.783805e-01  2.18457348         -1.999005e+00
99   4.11929428 -2.877486e+00 -1.44476915          4.336565e-01
100  2.97464681 -3.951868e+00  3.19913697          4.000308e-01
101  4.02662153 -1.602350e+00 -0.25632067          2.528737e+00
102  4.27142182 -1.726726e+00 -3.27579612         -3.186286e-01
103  4.09900818 -1.571196e+00 -4.91124302          1.555011e+00
104  5.83532315 -5.004207e+00 -1.50555440          6.723403e+00
105  9.85344847 -7.731043e+00 -4.51393283          6.626384e+00
106  6.13285001 -3.377611e+00 -2.91811177          2.722079e+00
107  4.55175075 -2.908475e+00 -0.15340291          6.106102e-01
108  3.22251634  1.080325e-01  0.76351042         -2.355475e+00
109  4.45881118 -2.196598e+00 -0.66734479          2.552117e+00
110  8.54812167 -6.405163e+00 -4.33593270          3.508506e+00
111  2.77396257  9.235532e-01  1.77672472         -3.899270e+00
112  3.00918179  1.804953e-01 -2.45345117         -2.711115e-01
113  2.89560163 -2.679343e+00  2.01686234         -1.256203e+00
114  0.27933687  9.054018e-01  1.38061084          1.282683e+00
115  3.61470775  2.201142e+00 -1.60639989         -2.262213e+00
116  5.11842332 -1.407488e+00 -0.89319936          7.417645e-01
117  2.50590956 -9.538168e-01 -0.75482331          1.567997e+00
118  2.21019721  8.068980e-01 -1.81496539          1.188634e+00
119  6.58027865 -3.737701e+00 -4.35750795          4.703992e+00
120  5.97653104 -4.184886e+00 -2.99537906          1.964664e+00
121  4.61368910 -3.916779e-01  1.61083602         -3.354818e+00
122  4.11666663 -3.537624e+00 -2.63876498          7.303712e+00
123  3.30326176 -2.738686e+00  0.33195705          4.519669e+00
124  5.70808981 -5.481201e+00  0.71037068          2.264078e+00
125  3.51997381 -2.317836e+00 -4.19765953          7.677096e+00
126  3.03409301 -2.544491e+00  1.74161620          1.428430e+00
127  2.80955854 -8.820253e-01 -0.10124667          6.423901e-02
128  1.96028508  7.028182e+00  1.01897804         -9.961035e+00
129  3.32433397  9.351879e-01 -0.85665018         -4.920628e+00
130  5.56191935 -3.075984e+00  0.67273029          3.577837e-01
131  2.55034727 -4.831901e-01  4.53490119         -4.660546e+00
132  5.78536222 -4.426238e+00 -1.40043955          4.469797e+00
133  2.46160270  2.458431e+00 -1.07533788         -3.945995e+00
134  4.08512155 -3.048860e+00  1.85092896         -7.600886e-01
135  5.91753999 -3.016929e+00 -0.74412602          2.172624e+00
136  7.40161949 -4.336830e+00 -2.24482918          1.836874e+00
137  6.74344895 -4.797986e+00 -2.91709159          4.368704e+00
138  0.78988241  3.444426e+00  0.83486404          1.720257e-01
139  5.73185708 -4.239228e+00  0.89005398         -1.884449e+00
140  4.17639934 -1.537728e+00 -3.68094538          4.421764e+00
141  4.04540235 -1.254416e+00  0.04825042          1.508936e-01
142  3.52251900 -2.889171e-01 -0.65540742         -4.985081e-02
143  5.15919447 -3.139965e+00 -3.17038371          6.217675e+00
144  4.28565330 -3.437276e+00  0.67569673          1.583818e+00
145  0.62821192  8.793487e-01  4.68244044          9.071772e-01
146  4.07128418  1.715164e+00 -2.83652063          1.693016e+00
147  8.07808480 -2.946187e+00 -6.94267693          2.517056e+00
148  4.42161984 -2.100388e+00  1.01115038         -5.736483e-01
149  6.10389006 -3.043646e+00 -1.39790509         -8.079200e-01
150  2.88477529 -5.175223e-01  2.30685212         -3.967761e+00
151  6.16463640 -2.474745e+00 -0.74421819          8.228067e-01
152  6.90765889 -5.376671e-02 -3.99894392          7.719331e-01
153  2.67774863  2.575321e+00  0.12172209         -6.434736e+00
154  4.02348761  6.739061e-01 -1.06306894         -1.899272e+00
155  3.87736469 -2.528923e+00 -0.45164091          2.232799e+00
156  6.28348592 -5.872901e+00 -3.16226553          1.251652e+00
157  7.03681057 -4.453924e+00 -3.63001165          7.382166e+00
158  1.46899085  2.864436e+00  1.47457038         -4.836286e+00
159  4.27756534 -2.368798e+00 -2.58093293          3.794632e+00
160  4.33047624 -1.378234e+00 -0.49130514          5.549409e-04
161  0.95483272  5.032564e+00  2.37786607         -7.307808e+00
162  4.11870843  3.085681e-01 -1.19382266         -2.940968e-02
163  4.71250075  7.888320e-01 -0.92647849         -2.551150e+00
164  3.29322362  2.256563e+00  1.07274569         -4.339529e+00
165  2.96448884  1.410687e+00  0.11186031         -4.346641e+00
166  7.78888798 -4.647236e+00 -7.73993527          8.576186e+00
167  1.90290498  8.972733e-01  0.07210996          1.579632e+00
168  4.83077568 -2.751256e+00 -4.40544286          6.265841e+00
169  6.07033103 -1.348408e+00 -5.31937879          3.948836e+00
170  2.06559832 -3.947554e-01  0.96293246         -9.045510e-02
171  8.81768590 -5.885718e+00 -6.29416286          6.382590e+00
172  3.94812078 -1.989219e+00  1.97289291         -1.161188e+00
173  5.16401288 -1.199171e+00 -1.13040183         -1.952528e+00
174  2.60209596  1.126027e+00  2.83232566         -3.684047e+00
175  6.33802318 -3.511353e+00 -3.30658116          6.402919e+00
176  1.82031265 -1.129472e+00  1.91286215          2.704655e+00
177  1.43024441  3.443700e+00  1.64795670         -3.688170e+00
178  3.74494917 -3.023646e+00  0.21900750          4.328945e+00
179  0.32464080  2.714310e+00  4.56205953         -6.081523e+00
180  5.18637058 -1.251768e+00 -6.41526796          7.502089e+00
181  4.55762538  4.891308e-01  0.62542386         -1.790800e+00
182  6.05376968 -1.693792e+00 -2.10313057         -1.074834e+00
183  3.63644767 -1.490887e+00  2.93484326          1.994394e+00
184  6.46665059 -5.143716e+00 -2.27121106          4.280959e+00
185  2.71518985  2.055049e+00  0.94702519         -6.255340e-01
186  3.63230016 -1.009147e+00 -2.56947232          4.029398e+00
187  4.66146063 -5.612553e+00 -0.89260230          6.591613e+00
188  7.14565565 -2.820861e+00 -4.78465602          5.878543e+00
189  2.72458858  4.827813e+00 -0.71259598          5.395587e-01
190  5.95766690 -5.938698e+00 -3.25018976          2.459685e+00
191  3.71005785  8.958594e-01 -1.78311667         -1.865166e+00
192  6.32572174 -2.687924e+00 -3.91891534          1.263946e+00
193  3.86010089 -1.790964e-01 -1.62910921          1.017070e+00
194  4.95944444 -2.726851e-01 -5.07021907          3.730300e+00
195  4.02888542 -1.622010e+00  2.37631322         -2.436380e+00
196  2.99178808  3.676040e-01  0.54337678         -1.628946e-01
197  5.09029702 -3.833374e+00 -2.24893823          3.387229e+00
198  6.41408909 -2.997409e+00 -5.76267186          5.517886e+00
199  2.86764575 -7.432769e-01 -1.59726011          3.631410e+00
200  5.62195088 -6.671650e-01 -5.17197649          1.523087e+00
201  5.08269885 -2.895151e+00 -2.47692295          1.807981e+00
202  7.46240618 -6.194211e+00 -3.98013600          6.445037e+00
203  6.06515494  4.751248e-01 -0.14231336         -3.321233e+00
204  2.92669623 -2.190968e+00  2.05779299         -1.728323e+00
205  8.90301934 -4.407553e+00 -6.52712415          4.077932e+00
206  2.57081446 -5.663185e-01 -1.20119714          3.179634e+00
207  2.39933763 -1.168465e-03 -0.02903595         -2.666904e+00
208  4.97197812 -4.515260e+00  1.49448766          2.574224e-01
209  3.29158674 -1.516354e+00 -0.03047668         -3.668719e+00
210  9.48664925 -6.849995e+00 -7.64524638          3.757980e+00
211  4.18564030  7.787101e-02  1.82827152         -7.281308e+00
212  7.77229688 -7.503232e+00 -7.33306915          8.798518e+00
213  4.28485929  4.978826e-01 -0.14595374         -1.824046e+00
214  3.18905363  1.026199e+00  2.75804471         -8.580867e+00
215  5.36405921  1.461824e+00 -3.70154560         -3.372252e+00
216  2.07247842  1.697344e+00  0.31943526         -8.368010e-01
217  1.89091219  4.617977e+00  3.68242461         -6.933924e+00
218  1.64006090  3.702627e+00  1.18736651         -2.253776e+00
219  6.83991918 -1.232363e+00 -3.23538861          1.525368e+00
220  6.65636072 -1.686827e+00 -4.86647304          3.033248e+00
221  4.21992212  9.867462e-01 -4.47761181          2.531469e+00
222  4.90029028  8.431516e-01 -0.71097928         -1.239122e+00
223  5.80327839 -5.662823e+00 -3.95048452          5.785082e+00
224  4.04790882 -1.257931e+00 -0.57889610          1.301229e+00
225  5.35498118  3.496293e+00 -5.10344916         -1.038148e+00
226  4.90601653 -2.425677e-01 -0.44892096         -2.063157e+00
227  4.75427559 -3.436188e+00 -0.84427699          2.359129e-01
228  4.01736804 -2.578808e+00  1.10004263         -3.679306e+00
229  5.30239000 -4.776619e+00 -0.76362989          4.235983e+00
230  5.68503984 -1.571132e-01 -4.74556505         -3.466840e-02
231  4.20197333 -1.195579e+00  1.83293194         -6.143200e+00
232  5.45518769 -3.779804e+00 -5.10128624          6.448908e+00
233  5.85642896 -8.546477e-01 -4.47376538          1.615163e+00
234  1.22430092 -1.487809e+00  6.82514126         -2.963233e+00
235  3.17495996 -5.865036e-02  5.02401731         -3.445807e+00
236  5.56598335 -4.235075e+00 -2.01387458          4.231595e+00
237  5.68526319 -2.326068e-01 -1.59377549         -2.667014e+00
238  5.92354635 -3.122451e+00 -3.49589982          3.965949e+00
239  3.39991070 -6.734867e+00  1.20634695          6.703753e+00
240  2.15152949  2.072233e+00  3.37260287          3.765134e-02
241  5.71639838 -2.100488e+00  1.78110321         -2.611249e+00
242  0.44348808  4.178855e+00  5.18307475         -1.051880e+01
243  5.80030389 -4.057761e+00 -0.08117427          2.250193e+00
244  4.88945636 -1.876436e+00  0.26674114          1.205097e+00
245  7.84029950 -4.718466e+00 -2.33304112          1.140645e+00
246  3.45612869 -3.611044e+00  2.15310805          2.809449e+00
247  9.37479224 -4.234519e+00 -5.41488942          1.477587e+00
248  5.39140278 -3.434981e+00 -2.36561727          4.086272e+00
249  7.12219483 -3.319160e+00 -0.16139310         -9.197990e-01
250  2.15536148  1.012589e+00  0.43664867         -3.439273e+00
251  6.37672151 -3.677174e+00 -6.05015224          7.242090e+00
252  4.45739827 -2.689954e+00 -1.77389285         -8.608894e-02
253  4.63626206 -1.079050e+00  0.66419546         -3.052971e+00
254  9.28633515 -5.622132e+00 -1.77275599         -6.872836e-01
255  4.84349009  3.484134e-01 -1.79138574         -3.089240e+00
256  2.71343100 -2.892338e-01  0.50137879         -2.225826e+00

$Subject
   (Intercept)    RaceWhite Fixforehead RaceWhite:Fixforehead
1   5.29216435  3.619191886 -0.84647115           -4.66517361
2   3.84089095 -1.086770443 -0.59669137            2.20144283
3   5.93449016  0.813906960 -1.23907321           -1.67005366
4   5.64669608 -4.027562536 -1.67723873            3.11104321
5   6.18334133 -1.530925344 -1.66731317            2.28520584
6   3.86614935  0.575710127  1.44371867           -2.64232680
7   5.48328422 -4.406447031 -2.93431062            5.72758956
8   1.08786493 -3.122623843 -0.43712990            2.98593869
9   4.28263424 -2.862078620 -2.41175339            3.87671808
10  6.06899341 -1.601701094 -0.99109796            1.12647532
11  4.68298543 -1.712527222 -0.22503042           -1.03307901
12  4.76091743 -1.340225117  0.15074304            1.56990299
13  2.62718863 -0.652626345  0.67628653           -0.28706867
14  3.40460992 -0.192985662  1.05680912            0.38970756
15  8.58244599 -1.376851414 -3.34270489            1.01124692
16  7.09200565 -1.436720566 -1.76106570            3.50377225
17  2.99351627 -1.833841124 -0.29876991           -0.11615172
18  6.98984271 -3.189734953 -3.04582784            1.64668676
19  6.46120901 -2.228765640  0.67097641           -1.64666746
20  2.51206751 -1.361528192 -0.15323787            0.07124272
21  0.57282986 -1.244727467  0.49656294           -0.39371353
22  1.31359222  2.557236113  1.00219201           -5.08359208
23 10.51172473 -3.689050523 -1.07358721            0.35856632
24  5.90580247 -0.937722055 -1.01916072            1.49357418
25 -0.15615910 -1.869551755 -2.20409335            2.82671526
26 -0.94852584 -1.165822583  1.45248826           -0.99006687
27  6.13879023 -2.276272667 -0.73500185            2.82828292
28  7.64951349 -3.902728153 -3.92621155            4.41117308
29 -2.85629878  2.379793284  3.19475914           -1.58326633
30  7.98904278  0.263516742 -0.82881316           -0.48629467
31  6.22129894 -0.512871501 -0.77788158           -1.70257832
32 -0.93782079  1.802444552 -1.43370547            0.67908487
33  7.63485858 -2.140098001 -5.09067582            4.08549397
34  2.88844108 -4.458243843 -2.58030943            3.03613735
35 -1.91740480  1.279375153  1.16020426           -0.63669265
36  4.81165840 -1.581653568 -1.85957949            0.06226895
37  4.38947775 -0.696314306  2.50576163           -1.57287403
38  7.81162115  2.408274227 -1.21664861           -4.19377385
39  8.15408454 -1.411714839 -1.17365540           -2.55597269
40  3.97645344  0.671063617  1.57853022           -3.53705918
41 10.62826940 -1.651387633 -1.59427268            0.19279840
42  0.90453023  0.002628969  0.16318621           -0.72203513
43 11.04589170 -5.150012039 -3.57380479            3.34849566
44  3.87973780 -0.646596354 -0.05062798           -1.34741036
45  7.58032772 -0.535482016 -2.57577184           -2.57639616
46  5.06544520 -2.256340375 -0.37684144            1.27237550
47  3.14681613 -3.318349472 -3.29881360            6.35140004
48  0.04121376 -3.221848187 -1.28873094            2.83136119
49  2.28379351 -2.013471335 -0.39699668            0.92756856
50  8.47289607 -3.641155981 -2.25555542            2.47893774
51  2.96588899 -1.922749833  0.21838411            1.70085244
52 -0.91788113  1.312993793  3.35270168           -6.34643585
53  1.97997871 -1.450691548 -1.34720327            3.49620299
54  5.97828106 -1.808351440 -0.76390638            1.36815356
55  1.77458038 -0.781574198  0.25641905           -1.79543415
56  2.13208598 -1.824032739 -3.42828974            3.38063339
57  5.97596968 -3.171352435 -1.18071441            2.22871799
58  3.52235352 -1.359194572 -0.70721449           -1.24648143
59  3.15846975  3.327530143  0.75480817           -3.64326318
60  3.03263336 -0.956516511 -0.08573818            0.41367121
61  4.77612416 -3.239778741 -2.56738561            3.05935434
62  3.97449985 -3.699688330 -0.56814219           -0.95000162
63  0.91740457 -1.981538141  0.86977902           -1.57643824
64  0.18988796  0.199268771 -0.27099344            2.01763477
66  0.57731626 -1.615113772 -1.43828266            0.04653861

$Electrode
    (Intercept) RaceWhite Fixforehead RaceWhite:Fixforehead
C3     4.296436 -1.305892  -0.8048002             0.4523487
C4     3.748477 -1.305892  -0.8048002             0.4523487
CP3    3.969594 -1.305892  -0.8048002             0.4523487
CP4    3.653978 -1.305892  -0.8048002             0.4523487
CPZ    4.587886 -1.305892  -0.8048002             0.4523487
CZ     4.679670 -1.305892  -0.8048002             0.4523487
PZ     4.144414 -1.305892  -0.8048002             0.4523487

attr(,"class")
[1] "coef.mer"
[1] "________________________________________________________________________________________________"
      AIC       BIC    logLik  deviance  df.resid 
 698611.5  698858.2 -349279.8  698559.5   97652.0 
