Linear mixed model fit by REML t-tests use Satterthwaite approximations to degrees of  freedom
 [lmerMod]
Formula: MeanAmp ~ Race * Fix * Trial + (Race * Fix | Subject) + (1 |      Electrode)
   Data: dat

REML criterion at convergence: 702217.9

Scaled residuals: 
    Min      1Q  Median      3Q     Max 
-5.7418 -0.6335 -0.0057  0.6282  6.3962 

Random effects:
 Groups    Name                  Variance Std.Dev. Corr             
 Subject   (Intercept)            9.5958  3.0977                    
           RaceWhite              3.5538  1.8852   -0.34            
           Fixforehead            3.1353  1.7707   -0.51  0.53      
           RaceWhite:Fixforehead  7.0667  2.6583    0.17 -0.72 -0.67
 Electrode (Intercept)            0.1603  0.4004                    
 Residual                        76.9339  8.7712                    
Number of obs: 97678, groups:  Subject, 65; Electrode, 7

Fixed effects:
                              Estimate Std. Error         df t value Pr(>|t|)    
(Intercept)                  3.114e+00  4.278e-01  7.500e+01   7.280 2.84e-10 ***
RaceWhite                   -7.740e-01  2.817e-01  1.070e+02  -2.747  0.00705 ** 
Fixforehead                 -6.981e-02  2.708e-01  1.140e+02  -0.258  0.79704    
Trial                        8.080e-03  7.786e-04  9.732e+04  10.377  < 2e-16 ***
RaceWhite:Fixforehead       -6.074e-02  3.981e-01  1.080e+02  -0.153  0.87900    
RaceWhite:Trial             -3.607e-03  1.102e-03  9.718e+04  -3.275  0.00106 ** 
Fixforehead:Trial           -5.667e-03  1.107e-03  9.717e+04  -5.121 3.05e-07 ***
RaceWhite:Fixforehead:Trial  4.019e-03  1.562e-03  9.730e+04   2.574  0.01007 *  
---
Signif. codes:  0 ‘***’ 0.001 ‘**’ 0.01 ‘*’ 0.05 ‘.’ 0.1 ‘ ’ 1

Correlation of Fixed Effects:
            (Intr) RacWht Fxfrhd Trial  RcWh:F RcWh:T Fxfr:T
RaceWhite   -0.358                                          
Fixforehead -0.481  0.519                                   
Trial       -0.225  0.341  0.355                            
RcWht:Fxfrh  0.198 -0.717 -0.685 -0.241                     
RaceWht:Trl  0.159 -0.479 -0.251 -0.707  0.339              
Fixfrhd:Trl  0.158 -0.240 -0.504 -0.703  0.343  0.497       
RcWht:Fxf:T -0.112  0.338  0.357  0.498 -0.481 -0.705 -0.709
[1] "________________________________________________________________________________________________"
$Subject
   (Intercept)   RaceWhite  Fixforehead      Trial RaceWhite:Fixforehead RaceWhite:Trial
1   4.24553072  4.13423757 -0.426925525 0.00807977           -4.69100470    -0.003607021
2   3.19774545 -0.99642495 -0.163668949 0.00807977            2.01969572    -0.003607021
3   4.76167247  1.29769689 -0.001210624 0.00807977           -2.43152006    -0.003607021
4   4.42762134 -2.82460914 -0.354559105 0.00807977            1.55992350    -0.003607021
5   5.01561929 -0.87705722 -1.042677472 0.00807977            1.95324640    -0.003607021
6   2.82662896  1.01124535  2.461609620 0.00807977           -3.26493859    -0.003607021
7   3.97730456 -3.65946623 -2.176130634 0.00807977            5.52008156    -0.003607021
8   0.23657849 -2.32249652  0.103492641 0.00807977            1.98660403    -0.003607021
9   3.29044932 -1.80248014 -1.720214528 0.00807977            3.12701494    -0.003607021
10  4.82459059 -0.64787211  0.011149381 0.00807977            0.21007040    -0.003607021
11  3.17345705 -0.96391394  0.869325449 0.00807977           -1.75778555    -0.003607021
12  3.59895955 -0.68912213  0.820992039 0.00807977            1.03031152    -0.003607021
13  1.53995419 -0.07854212  1.567062025 0.00807977           -1.11229535    -0.003607021
14  2.70395312 -0.28056960  1.339222323 0.00807977            1.08918965    -0.003607021
15  7.76922702 -1.20328429 -2.650329186 0.00807977            0.59538393    -0.003607021
16  5.97541327 -0.94471922 -0.780940407 0.00807977            2.30524863    -0.003607021
17  2.25736361 -1.81503888 -0.229595881 0.00807977            0.27777462    -0.003607021
18  5.85582318 -2.82467195 -2.356055585 0.00807977            1.51444043    -0.003607021
19  5.17255187 -1.41682342  1.371347434 0.00807977           -2.14109783    -0.003607021
20  1.57747746 -0.83388812  0.681089963 0.00807977           -0.99811941    -0.003607021
21 -0.59739577 -0.58928631  1.368954197 0.00807977           -0.94690292    -0.003607021
22  0.32653272  2.77272311  1.814611605 0.00807977           -5.35130330    -0.003607021
23  9.59762868 -2.95527889 -0.616389458 0.00807977           -0.16867493    -0.003607021
24  4.89665624 -0.58359762 -0.274878082 0.00807977            0.99367868    -0.003607021
25 -0.76320274 -1.67013683 -1.921131390 0.00807977            2.52204770    -0.003607021
26 -2.24615869 -0.32798464  2.613695260 0.00807977           -1.66715596    -0.003607021
27  4.97061910 -1.51985112  0.028697820 0.00807977            2.47603718    -0.003607021
28  6.13088714 -3.07607762 -2.831524858 0.00807977            3.88676392    -0.003607021
29 -3.89398560  2.63949639  3.938213512 0.00807977           -2.16155369    -0.003607021
30  6.98256608  0.63163225 -0.090906817 0.00807977           -0.78047216    -0.003607021
31  5.20785141  0.11731373  0.143655960 0.00807977           -2.58054449    -0.003607021
32 -1.66263940  2.37056861 -0.862558069 0.00807977            0.33472925    -0.003607021
33  6.81370633 -1.40969274 -4.294706750 0.00807977            2.91706152    -0.003607021
34  1.70260846 -3.75644145 -1.971019395 0.00807977            2.90220161    -0.003607021
35 -2.55558773  1.50068046  1.628554748 0.00807977           -1.45072003    -0.003607021
36  3.53684738 -1.06418531 -0.951460045 0.00807977           -0.46336777    -0.003607021
37  3.35138461 -0.55429409  3.323329559 0.00807977           -1.70030408    -0.003607021
38  6.87015134  2.88343515 -0.601420269 0.00807977           -4.45905436    -0.003607021
39  7.50202392 -1.32597005 -0.841406622 0.00807977           -2.42967618    -0.003607021
40  3.25589212  0.74648559  1.874053441 0.00807977           -3.07340647    -0.003607021
41  9.69219909 -1.41700990 -0.882364601 0.00807977           -0.30551106    -0.003607021
42 -0.29438668  0.66435983  0.942132611 0.00807977           -1.37905435    -0.003607021
43  9.61091652 -4.33790666 -2.566824343 0.00807977            2.60162100    -0.003607021
44  2.68631421 -0.08384418  1.016085726 0.00807977           -2.16369488    -0.003607021
45  6.64687852 -0.36074586 -1.882686932 0.00807977           -2.55776704    -0.003607021
46  3.95410467 -1.29636274  0.469307266 0.00807977            0.47883158    -0.003607021
47  2.16916850 -2.73340937 -2.687895482 0.00807977            5.50346952    -0.003607021
48 -0.96327687 -2.51904153 -0.679216294 0.00807977            2.79169339    -0.003607021
49  1.01627301 -1.32589663  0.536399059 0.00807977            0.02827879    -0.003607021
50  7.17835663 -2.87870299 -1.521160123 0.00807977            1.65766442    -0.003607021
51  1.68555248 -1.63364497  1.098567486 0.00807977            1.24992378    -0.003607021
52 -2.10855485  1.92943513  4.139162887 0.00807977           -6.66660656    -0.003607021
53  0.70534957 -0.79494548 -0.162010615 0.00807977            2.36487744    -0.003607021
54  5.15039621 -1.27821839 -0.253152938 0.00807977            1.16510361    -0.003607021
55  0.71600452 -0.10280613  0.715313993 0.00807977           -2.07818376    -0.003607021
56  1.51357029 -1.48590449 -3.290883069 0.00807977            3.60791423    -0.003607021
57  4.70935629 -2.21059049 -0.094211736 0.00807977            0.85406527    -0.003607021
58  2.57509120 -1.29498899 -0.143464438 0.00807977           -1.02022616    -0.003607021
59  2.39714143  3.68175814  1.332185857 0.00807977           -3.91374457    -0.003607021
60  2.22086733 -0.49033816  0.656401791 0.00807977           -0.45458235    -0.003607021
61  3.52470076 -2.29308413 -1.347095519 0.00807977            1.65679139    -0.003607021
62  2.81125912 -2.99824937  0.219853853 0.00807977           -1.85332635    -0.003607021
63  0.01815416 -1.82886978  1.239619719 0.00807977           -1.58113439    -0.003607021
64 -0.47917044  0.67902241  0.251605597 0.00807977            1.47061069    -0.003607021
66 -0.57781135 -0.99240387 -0.442618931 0.00807977           -0.99699394    -0.003607021
   Fixforehead:Trial RaceWhite:Fixforehead:Trial
1       -0.005667113                  0.00401887
2       -0.005667113                  0.00401887
3       -0.005667113                  0.00401887
4       -0.005667113                  0.00401887
5       -0.005667113                  0.00401887
6       -0.005667113                  0.00401887
7       -0.005667113                  0.00401887
8       -0.005667113                  0.00401887
9       -0.005667113                  0.00401887
10      -0.005667113                  0.00401887
11      -0.005667113                  0.00401887
12      -0.005667113                  0.00401887
13      -0.005667113                  0.00401887
14      -0.005667113                  0.00401887
15      -0.005667113                  0.00401887
16      -0.005667113                  0.00401887
17      -0.005667113                  0.00401887
18      -0.005667113                  0.00401887
19      -0.005667113                  0.00401887
20      -0.005667113                  0.00401887
21      -0.005667113                  0.00401887
22      -0.005667113                  0.00401887
23      -0.005667113                  0.00401887
24      -0.005667113                  0.00401887
25      -0.005667113                  0.00401887
26      -0.005667113                  0.00401887
27      -0.005667113                  0.00401887
28      -0.005667113                  0.00401887
29      -0.005667113                  0.00401887
30      -0.005667113                  0.00401887
31      -0.005667113                  0.00401887
32      -0.005667113                  0.00401887
33      -0.005667113                  0.00401887
34      -0.005667113                  0.00401887
35      -0.005667113                  0.00401887
36      -0.005667113                  0.00401887
37      -0.005667113                  0.00401887
38      -0.005667113                  0.00401887
39      -0.005667113                  0.00401887
40      -0.005667113                  0.00401887
41      -0.005667113                  0.00401887
42      -0.005667113                  0.00401887
43      -0.005667113                  0.00401887
44      -0.005667113                  0.00401887
45      -0.005667113                  0.00401887
46      -0.005667113                  0.00401887
47      -0.005667113                  0.00401887
48      -0.005667113                  0.00401887
49      -0.005667113                  0.00401887
50      -0.005667113                  0.00401887
51      -0.005667113                  0.00401887
52      -0.005667113                  0.00401887
53      -0.005667113                  0.00401887
54      -0.005667113                  0.00401887
55      -0.005667113                  0.00401887
56      -0.005667113                  0.00401887
57      -0.005667113                  0.00401887
58      -0.005667113                  0.00401887
59      -0.005667113                  0.00401887
60      -0.005667113                  0.00401887
61      -0.005667113                  0.00401887
62      -0.005667113                  0.00401887
63      -0.005667113                  0.00401887
64      -0.005667113                  0.00401887
66      -0.005667113                  0.00401887

$Electrode
    (Intercept) RaceWhite Fixforehead      Trial RaceWhite:Fixforehead RaceWhite:Trial
C3     3.255856  -0.77401 -0.06980926 0.00807977            -0.0607442    -0.003607021
C4     2.708943  -0.77401 -0.06980926 0.00807977            -0.0607442    -0.003607021
CP3    2.929639  -0.77401 -0.06980926 0.00807977            -0.0607442    -0.003607021
CP4    2.614625  -0.77401 -0.06980926 0.00807977            -0.0607442    -0.003607021
CPZ    3.546750  -0.77401 -0.06980926 0.00807977            -0.0607442    -0.003607021
CZ     3.638359  -0.77401 -0.06980926 0.00807977            -0.0607442    -0.003607021
PZ     3.104125  -0.77401 -0.06980926 0.00807977            -0.0607442    -0.003607021
    Fixforehead:Trial RaceWhite:Fixforehead:Trial
C3       -0.005667113                  0.00401887
C4       -0.005667113                  0.00401887
CP3      -0.005667113                  0.00401887
CP4      -0.005667113                  0.00401887
CPZ      -0.005667113                  0.00401887
CZ       -0.005667113                  0.00401887
PZ       -0.005667113                  0.00401887

attr(,"class")
[1] "coef.mer"
[1] "________________________________________________________________________________________________"
      AIC       BIC    logLik  deviance  df.resid 
 702204.0  702393.8 -351082.0  702164.0   97658.0 
