[1] "Doesn't converge"
Linear mixed model fit by REML 
t-tests use  Satterthwaite approximations to degrees of freedom ['lmerMod']
Formula: TargetFace.RT ~ faceRace * FixArea + (faceRace + FixArea | Subject) +  
    (faceRace + FixArea | TargetPic)
   Data: corTrials

REML criterion at convergence: 177890.1

Scaled residuals: 
    Min      1Q  Median      3Q     Max 
-3.1538 -0.6607 -0.1058  0.5294  4.7006 

Random effects:
 Groups    Name            Variance Std.Dev. Corr       
 Subject   (Intercept)     1342.51  36.640              
           faceRaceWhite    229.29  15.142   -0.06      
           FixAreaforehead   24.84   4.984    0.60 -0.21
 TargetPic (Intercept)       76.28   8.734              
           faceRaceWhite    176.62  13.290   -0.92      
           FixAreaforehead   47.54   6.895   -0.65  0.34
 Residual                  6776.61  82.320              
Number of obs: 15224, groups:  Subject, 64; TargetPic, 64

Fixed effects:
                              Estimate Std. Error       df t value Pr(>|t|)    
(Intercept)                   450.1928     5.0140  75.7300  89.787   <2e-16 ***
faceRaceWhite                   5.6821     3.2738  90.3000   1.736   0.0860 .  
FixAreaforehead                 5.7674     2.3323  60.3000   2.473   0.0162 *  
faceRaceWhite:FixAreaforehead  -0.3487     3.1780  61.8400  -0.110   0.9130    
---
Signif. codes:  0 ‘***’ 0.001 ‘**’ 0.01 ‘*’ 0.05 ‘.’ 0.1 ‘ ’ 1

Correlation of Fixed Effects:
            (Intr) fcRcWh FxArfr
faceRaceWht -0.287              
FixAreafrhd -0.111  0.361       
fcRcWht:FxA  0.189 -0.484 -0.681
$Subject
   (Intercept) faceRaceWhite FixAreaforehead faceRaceWhite:FixAreaforehead
1     468.8433    9.63140651       6.7099841                    -0.3487217
2     421.3486   -1.38499110       3.7761442                    -0.3487217
3     463.4047   26.91351110       5.0515052                    -0.3487217
4     476.6355   12.62531731       9.7547246                    -0.3487217
5     473.1411   21.18857946       3.9475652                    -0.3487217
6     423.5902    2.42784073       2.1174003                    -0.3487217
7     482.8245    2.83213184       7.6826660                    -0.3487217
8     461.2853    3.29378598       6.4842592                    -0.3487217
9     438.7521   10.22353385       3.8155549                    -0.3487217
10    484.2698  -10.23433734       9.8602307                    -0.3487217
11    471.5518    5.39297400       8.9632098                    -0.3487217
12    453.9087   -1.59998256       3.8232424                    -0.3487217
13    382.0990   11.15148843      -1.1648849                    -0.3487217
14    420.2200   -6.59673108       4.2980575                    -0.3487217
15    424.1024   -2.06680132       8.1383426                    -0.3487217
16    400.1087   10.83761768       0.7348629                    -0.3487217
17    449.8650   31.68426902       3.7970924                    -0.3487217
18    473.4285   -7.72775634       8.4480130                    -0.3487217
19    459.1333    5.76491856       7.6540625                    -0.3487217
20    413.3360    3.80819296       2.2080816                    -0.3487217
21    402.2516    7.67651234       2.3972400                    -0.3487217
22    487.5567    5.08238573       8.5738102                    -0.3487217
23    501.2916    6.94212780      10.3607171                    -0.3487217
24    519.5799  -23.66277157      13.9294121                    -0.3487217
25    480.9861   21.17362749       9.0242949                    -0.3487217
26    450.1071   16.00384533       4.5495333                    -0.3487217
27    438.4357   36.60962152       2.4069542                    -0.3487217
28    412.5856    6.98933087       3.3891393                    -0.3487217
29    513.4128    2.36794646      13.2722559                    -0.3487217
30    478.8521    7.09491198       7.3430393                    -0.3487217
31    442.1482    6.38791846       4.6779128                    -0.3487217
32    449.8591   -7.21555318       3.8248804                    -0.3487217
33    399.2573   -6.50039951       2.3425378                    -0.3487217
34    367.3219   17.85796674      -2.7257999                    -0.3487217
35    478.9397   -1.48213674      10.9122857                    -0.3487217
36    451.3407   -9.63564182       6.2581388                    -0.3487217
37    434.1218   16.68626842       2.6964761                    -0.3487217
38    464.2066   16.76139444       5.8417372                    -0.3487217
39    489.2560   20.27773165       7.9396491                    -0.3487217
40    461.9161   19.86966207       5.4891018                    -0.3487217
41    410.2667   -9.04876205       2.7016041                    -0.3487217
42    451.5415    8.82148908       7.0598670                    -0.3487217
43    453.3088    9.54790859       6.9408296                    -0.3487217
44    484.8281  -16.00583147       9.2867455                    -0.3487217
45    411.4011    0.34432148       4.7945045                    -0.3487217
46    499.4533   15.06898267       9.9013682                    -0.3487217
47    384.9772   -8.05302813       1.8419663                    -0.3487217
48    449.4860    0.45396401       5.3207161                    -0.3487217
49    477.9837   24.12744970       7.0023124                    -0.3487217
50    415.8826   -1.95543154       1.8631981                    -0.3487217
51    453.4969   19.81004727       5.0930259                    -0.3487217
52    423.2887   -9.07982588       4.2696068                    -0.3487217
53    430.1892   -4.97730191       3.3675913                    -0.3487217
54    415.0302   -9.66836968       2.6309930                    -0.3487217
55    529.0849    0.00577394      11.3943373                    -0.3487217
56    515.7160   -8.73646412      13.4885274                    -0.3487217
57    455.0820   11.15231110       6.1808435                    -0.3487217
58    430.6759   19.29058495       1.9489516                    -0.3487217
59    406.4211   14.38574370       3.0262043                    -0.3487217
60    445.9996    8.01011151       6.7405071                    -0.3487217
61    443.9190   29.64507025       5.5167438                    -0.3487217
62    400.6395  -13.55924414       3.2787675                    -0.3487217
63    507.3627    1.17055121       9.1759052                    -0.3487217
64    451.0309   -4.54267507       7.6840880                    -0.3487217

$TargetPic
            (Intercept) faceRaceWhite FixAreaforehead faceRaceWhite:FixAreaforehead
Black1.jpg     448.4540     6.3329934       8.7001719                    -0.3487217
Black10.jpg    455.8560    -0.8416838       1.2047301                    -0.3487217
Black11.jpg    444.4624    10.7118112      12.1647480                    -0.3487217
Black12.jpg    441.8793    18.6566906       8.6163607                    -0.3487217
Black13.jpg    455.8491     2.7526429      -2.8528032                    -0.3487217
Black15.jpg    448.7176     8.4288738       5.7694395                    -0.3487217
Black16.jpg    461.5068   -11.0825963       0.8791937                    -0.3487217
Black17.jpg    459.4717    -8.7748688       2.5602080                    -0.3487217
Black2.jpg     442.3560    20.2330855       5.8242218                    -0.3487217
Black20.jpg    439.5577    20.2232915      11.7418575                    -0.3487217
Black21.jpg    449.8965     5.3213366       6.8017024                    -0.3487217
Black22.jpg    453.6962     3.8940625       0.3984245                    -0.3487217
Black23.jpg    439.9879    22.5983871       8.1430226                    -0.3487217
Black24.jpg    447.4248    11.9120827       4.5520795                    -0.3487217
Black25.jpg    448.6226     6.7047861       7.9231341                    -0.3487217
Black26.jpg    446.2031    12.3297404       6.6577441                    -0.3487217
Black27.jpg    459.8391   -12.2059037       5.6717026                    -0.3487217
Black29.jpg    433.2510    27.9751156      16.2717293                    -0.3487217
Black3.jpg     444.1310    16.3010176       6.5324049                    -0.3487217
Black31.jpg    459.2751    -8.4933429       2.6562537                    -0.3487217
Black32.jpg    458.2593   -10.7264093       7.3302285                    -0.3487217
Black33.jpg    463.0881    -9.4772545      -4.2772786                    -0.3487217
Black36.jpg    451.7837     1.9370519       6.6521371                    -0.3487217
Black39.jpg    448.9670     4.3134300       9.9053374                    -0.3487217
Black40.jpg    450.3741     3.0170117       8.4039695                    -0.3487217
Black5.jpg     445.2718    11.0251846      10.1012511                    -0.3487217
Black50.jpg    456.0460    -1.7601786       1.8441241                    -0.3487217
Black51.jpg    446.1502    16.3210941       2.2476302                    -0.3487217
Black6.jpg     450.9610     2.1494571       8.1480096                    -0.3487217
Black7.jpg     449.8936     4.3211101       7.9409451                    -0.3487217
Black8.jpg     451.6577     8.4180171      -0.4240332                    -0.3487217
Black9.jpg     453.2798    -0.6874902       6.4676710                    -0.3487217
White1.jpg     452.2010     3.5428056       3.8907063                    -0.3487217
White10.jpg    451.7217     4.0361222       4.3562492                    -0.3487217
White11.jpg    451.7889     1.4852361       6.8164931                    -0.3487217
White12.jpg    450.3900     6.7194275       4.3138057                    -0.3487217
White14.jpg    459.1103    -7.0591325       0.7323358                    -0.3487217
White16.jpg    455.9257    -5.1843090       5.2528992                    -0.3487217
White17.jpg    447.5831    13.1141468       3.4724210                    -0.3487217
White18.jpg    448.9448     3.2423512      10.7694783                    -0.3487217
White2.jpg     448.4866    10.2792493       4.5333333                    -0.3487217
White20.jpg    451.3567     0.5955657       8.5941747                    -0.3487217
White21.jpg    451.4705     1.2358533       7.7129878                    -0.3487217
White22.jpg    463.3257   -16.6756056       2.0091056                    -0.3487217
White23.jpg    450.7202     5.5592423       4.8278981                    -0.3487217
White24.jpg    456.2066    -2.1314167       1.5792136                    -0.3487217
White26.jpg    447.3532     9.6828722       7.4282344                    -0.3487217
White29.jpg    450.4096     7.9936234       2.9774674                    -0.3487217
White3.jpg     451.3904     2.5391277       6.5483947                    -0.3487217
White30.jpg    444.0547    14.8767989       8.8012764                    -0.3487217
White31.jpg    448.4881     9.4720568       5.3518406                    -0.3487217
White32.jpg    442.6520    20.8757442       5.5279941                    -0.3487217
White33.jpg    447.0059    12.0582315       5.7120167                    -0.3487217
White34.jpg    454.3020    -1.5668917       4.8492984                    -0.3487217
White35.jpg    443.2267    18.1668445       7.1245696                    -0.3487217
White38.jpg    444.5918    15.0933070       7.4967368                    -0.3487217
White41.jpg    448.8400     6.5067691       7.6591245                    -0.3487217
White5.jpg     459.8468   -10.8007144       3.0532160                    -0.3487217
White54.jpg    455.0061    -2.9147080       4.7996171                    -0.3487217
White56.jpg    444.4813    10.5650351      12.3278882                    -0.3487217
White57.jpg    449.9214    11.6734535       0.2182064                    -0.3487217
White6.jpg     431.8891    31.2961795      16.6501371                    -0.3487217
White8.jpg     443.2208    17.5880736       7.7254158                    -0.3487217
White9.jpg     460.2589   -10.0367935       1.4437817                    -0.3487217

attr(,"class")
[1] "coef.mer"
