Linear mixed model fit by REML 
t-tests use  Satterthwaite approximations to degrees of freedom ['lmerMod']
Formula: TargetFace.RT ~ faceRace * FixArea + (faceRace + FixArea | Subject) +      (faceRace | TargetPic)
   Data: corTrials

REML criterion at convergence: 177895.6

Scaled residuals: 
    Min      1Q  Median      3Q     Max 
-3.1589 -0.6595 -0.1057  0.5310  4.7014 

Random effects:
 Groups    Name            Variance Std.Dev. Corr       
 Subject   (Intercept)     1342.05  36.634              
           faceRaceWhite    228.59  15.119   -0.06      
           FixAreaforehead   24.21   4.920    0.61 -0.22
 TargetPic (Intercept)       48.95   6.997              
           faceRaceWhite    147.31  12.137   -0.91      
 Residual                  6788.49  82.392              
Number of obs: 15224, groups:  Subject, 64; TargetPic, 64

Fixed effects:
                                Estimate Std. Error         df t value Pr(>|t|)    
(Intercept)                     450.2046     4.9277    73.0000  91.363  < 2e-16 ***
faceRaceWhite                     5.6806     3.1560   124.0000   1.800  0.07431 .  
FixAreaforehead                   5.7747     1.9874   207.0000   2.906  0.00406 ** 
faceRaceWhite:FixAreaforehead    -0.3848     2.6720 14973.0000  -0.144  0.88550    
---
Signif. codes:  0 ‘***’ 0.001 ‘**’ 0.01 ‘*’ 0.05 ‘.’ 0.1 ‘ ’ 1

Correlation of Fixed Effects:
            (Intr) fcRcWh FxArfr
faceRaceWht -0.248              
FixAreafrhd -0.007  0.243       
fcRcWht:FxA  0.135 -0.422 -0.672
$Subject
   (Intercept) faceRaceWhite FixAreaforehead faceRaceWhite:FixAreaforehead
1     468.8454    9.62253250       6.7300756                    -0.3847833
2     421.3236   -1.38876836       3.7932634                    -0.3847833
3     463.4074   26.91273333       5.0465415                    -0.3847833
4     476.6442   12.53280641       9.6536828                    -0.3847833
5     473.0932   21.23386520       4.0366480                    -0.3847833
6     423.5410    2.45131762       2.1982523                    -0.3847833
7     482.8076    2.79531806       7.7213650                    -0.3847833
8     461.2634    3.30564432       6.5033582                    -0.3847833
9     438.8211   10.15927727       3.8474654                    -0.3847833
10    484.2449  -10.20321197       9.8751141                    -0.3847833
11    471.6561    5.31448790       8.9031918                    -0.3847833
12    453.8005   -1.53883464       3.9422700                    -0.3847833
13    382.1157   11.11615100      -1.1147449                    -0.3847833
14    420.3177   -6.59904179       4.3362828                    -0.3847833
15    424.1514   -2.10604605       7.9912335                    -0.3847833
16    400.0651   10.83084157       0.7627386                    -0.3847833
17    449.9241   31.70055880       3.7858911                    -0.3847833
18    473.4005   -7.67843318       8.4738271                    -0.3847833
19    459.1551    5.75492908       7.6088913                    -0.3847833
20    413.3686    3.82168223       2.2586414                    -0.3847833
21    402.2788    7.66575266       2.3858593                    -0.3847833
22    487.5264    5.08733812       8.5794409                    -0.3847833
23    501.3423    6.87682577      10.3506665                    -0.3847833
24    519.5516  -23.62307059      13.9409681                    -0.3847833
25    481.0651   21.11391588       8.9433634                    -0.3847833
26    450.1506   15.99054423       4.5672896                    -0.3847833
27    438.6391   36.47018450       2.3969096                    -0.3847833
28    412.6448    6.93381785       3.3737279                    -0.3847833
29    513.4655    2.38912895      13.1906409                    -0.3847833
30    478.8442    7.10143624       7.3729469                    -0.3847833
31    442.1254    6.38695439       4.6945439                    -0.3847833
32    449.7816   -7.15454333       3.9520444                    -0.3847833
33    399.2700   -6.50697662       2.3773504                    -0.3847833
34    367.4194   17.77057048      -2.6880336                    -0.3847833
35    479.1019   -1.51130567      10.8465172                    -0.3847833
36    451.2874   -9.57625129       6.3032290                    -0.3847833
37    434.0514   16.75906157       2.7268602                    -0.3847833
38    464.2001   16.79590579       5.8465586                    -0.3847833
39    489.2317   20.32477325       7.9255097                    -0.3847833
40    461.9979   19.78705455       5.5032180                    -0.3847833
41    410.1688   -8.95934977       2.7528067                    -0.3847833
42    451.6127    8.82378440       7.0098111                    -0.3847833
43    453.3602    9.52342622       6.9057810                    -0.3847833
44    484.7777  -15.95290095       9.3451867                    -0.3847833
45    411.5080    0.30919021       4.7427897                    -0.3847833
46    499.4178   15.13444827       9.8492714                    -0.3847833
47    384.9712   -7.96096925       1.8499046                    -0.3847833
48    449.5161    0.39023829       5.3772696                    -0.3847833
49    478.0279   24.10989016       6.9748844                    -0.3847833
50    415.7875   -1.85052013       1.9381624                    -0.3847833
51    453.5441   19.70758234       5.0797535                    -0.3847833
52    423.2317   -8.95592760       4.3139847                    -0.3847833
53    430.2106   -4.93619394       3.4563786                    -0.3847833
54    414.9791   -9.63392507       2.7142190                    -0.3847833
55    529.0259    0.07591455      11.4460235                    -0.3847833
56    515.7564   -8.76987443      13.4410602                    -0.3847833
57    455.1266   11.12310150       6.1662665                    -0.3847833
58    430.6885   19.31448396       1.9987701                    -0.3847833
59    406.4606   14.31987721       2.9709041                    -0.3847833
60    446.0496    7.96932531       6.6865317                    -0.3847833
61    443.9627   29.51740888       5.4175178                    -0.3847833
62    400.6200  -13.56235159       3.3020570                    -0.3847833
63    507.3194    1.22954061       9.2417166                    -0.3847833
64    451.0466   -4.52587012       7.6533844                    -0.3847833

$TargetPic
            (Intercept) faceRaceWhite FixAreaforehead faceRaceWhite:FixAreaforehead
Black1.jpg     450.3110    5.51241440        5.774657                    -0.3847833
Black10.jpg    453.1076    1.09297428        5.774657                    -0.3847833
Black11.jpg    448.4787    8.40793840        5.774657                    -0.3847833
Black12.jpg    443.3734   16.47575959        5.774657                    -0.3847833
Black13.jpg    450.4572    5.28139261        5.774657                    -0.3847833
Black15.jpg    448.6549    8.12956660        5.774657                    -0.3847833
Black16.jpg    458.8093   -7.91723149        5.774657                    -0.3847833
Black17.jpg    457.7594   -6.25814050        5.774657                    -0.3847833
Black2.jpg     442.0548   18.55946106        5.774657                    -0.3847833
Black20.jpg    443.0116   17.04753047        5.774657                    -0.3847833
Black21.jpg    450.5659    5.10962010        5.774657                    -0.3847833
Black22.jpg    450.3538    5.44471041        5.774657                    -0.3847833
Black23.jpg    441.0976   20.07209013        5.774657                    -0.3847833
Black24.jpg    446.5080   11.52213986        5.774657                    -0.3847833
Black25.jpg    449.9758    6.04212986        5.774657                    -0.3847833
Black26.jpg    446.6138   11.35494413        5.774657                    -0.3847833
Black27.jpg    460.2147  -10.13815003        5.774657                    -0.3847833
Black29.jpg    439.4666   22.64955343        5.774657                    -0.3847833
Black3.jpg     444.3562   14.92259507        5.774657                    -0.3847833
Black31.jpg    457.6600   -6.10112715        5.774657                    -0.3847833
Black32.jpg    459.6459   -9.23935478        5.774657                    -0.3847833
Black33.jpg    457.0216   -5.09228217        5.774657                    -0.3847833
Black36.jpg    452.4302    2.16351236        5.774657                    -0.3847833
Black39.jpg    451.6356    3.41919236        5.774657                    -0.3847833
Black40.jpg    452.1405    2.62135571        5.774657                    -0.3847833
Black5.jpg     447.9134    9.30125543        5.774657                    -0.3847833
Black50.jpg    453.7534    0.07247596        5.774657                    -0.3847833
Black51.jpg    443.6792   15.99252126        5.774657                    -0.3847833
Black6.jpg     452.6148    1.87171358        5.774657                    -0.3847833
Black7.jpg     451.2903    3.96485820        5.774657                    -0.3847833
Black8.jpg     447.7132    9.61770693        5.774657                    -0.3847833
Black9.jpg     453.8774   -0.12349852        5.774657                    -0.3847833
White1.jpg     450.7791    4.26566107        5.774657                    -0.3847833
White10.jpg    450.6422    4.60282452        5.774657                    -0.3847833
White11.jpg    451.8039    1.74203453        5.774657                    -0.3847833
White12.jpg    449.6911    6.94502547        5.774657                    -0.3847833
White14.jpg    454.2314   -4.23592283        5.774657                    -0.3847833
White16.jpg    454.0161   -3.70567299        5.774657                    -0.3847833
White17.jpg    447.3239   12.77453385        5.774657                    -0.3847833
White18.jpg    451.5890    2.27134073        5.774657                    -0.3847833
White2.jpg     448.4413   10.02269998        5.774657                    -0.3847833
White20.jpg    452.2877    0.55052762        5.774657                    -0.3847833
White21.jpg    451.9760    1.31832018        5.774657                    -0.3847833
White22.jpg    457.7796  -12.97382976        5.774657                    -0.3847833
White23.jpg    450.1545    5.80390921        5.774657                    -0.3847833
White24.jpg    452.5553   -0.10839711        5.774657                    -0.3847833
White26.jpg    448.9465    8.77874248        5.774657                    -0.3847833
White29.jpg    449.0773    8.45661968        5.774657                    -0.3847833
White3.jpg     451.4022    2.73123163        5.774657                    -0.3847833
White30.jpg    447.2310   13.00338714        5.774657                    -0.3847833
White31.jpg    448.8087    9.11816458        5.774657                    -0.3847833
White32.jpg    444.7672   19.07075211        5.774657                    -0.3847833
White33.jpg    447.9274   11.28840556        5.774657                    -0.3847833
White34.jpg    452.6886   -0.43660155        5.774657                    -0.3847833
White35.jpg    445.8963   16.29025011        5.774657                    -0.3847833
White38.jpg    447.0333   13.49022657        5.774657                    -0.3847833
White41.jpg    450.0944    5.95180519        5.774657                    -0.3847833
White5.jpg     455.7942   -8.08449959        5.774657                    -0.3847833
White54.jpg    453.1676   -1.61612621        5.774657                    -0.3847833
White56.jpg    449.1517    8.27332814        5.774657                    -0.3847833
White57.jpg    447.5312   12.26401603        5.774657                    -0.3847833
White6.jpg     442.2468   25.27750513        5.774657                    -0.3847833
White8.jpg     446.1617   15.63654231        5.774657                    -0.3847833
White9.jpg     455.3486   -6.98717625        5.774657                    -0.3847833

attr(,"class")
[1] "coef.mer"
