Linear mixed model fit by REML 
t-tests use  Satterthwaite approximations to degrees of freedom ['lmerMod']
Formula: TargetFace.RT ~ faceRace * FixArea + (faceRace + FixArea | Subject) +      (1 | TargetPic)
   Data: corTrials

REML criterion at convergence: 177895.7

Scaled residuals: 
    Min      1Q  Median      3Q     Max 
-3.1582 -0.6598 -0.1064  0.5312  4.6986 

Random effects:
 Groups    Name            Variance Std.Dev. Corr       
 Subject   (Intercept)     1342.16  36.635              
           faceRaceWhite    228.58  15.119   -0.06      
           FixAreaforehead   24.20   4.919    0.61 -0.22
 TargetPic (Intercept)       45.25   6.727              
 Residual                  6788.49  82.392              
Number of obs: 15224, groups:  Subject, 64; TargetPic, 64

Fixed effects:
                                Estimate Std. Error         df t value Pr(>|t|)    
(Intercept)                     450.2028     4.9161    73.0000  91.578  < 2e-16 ***
faceRaceWhite                     5.6844     3.1560   124.0000   1.801  0.07411 .  
FixAreaforehead                   5.7751     1.9873   207.0000   2.906  0.00406 ** 
faceRaceWhite:FixAreaforehead    -0.3844     2.6720 14988.0000  -0.144  0.88560    
---
Signif. codes:  0 ‘***’ 0.001 ‘**’ 0.01 ‘*’ 0.05 ‘.’ 0.1 ‘ ’ 1

Correlation of Fixed Effects:
            (Intr) fcRcWh FxArfr
faceRaceWht -0.241              
FixAreafrhd -0.007  0.243       
fcRcWht:FxA  0.136 -0.422 -0.672
$Subject
   (Intercept) faceRaceWhite FixAreaforehead faceRaceWhite:FixAreaforehead
1     468.8396    9.62657443       6.7311444                    -0.3844282
2     421.3222   -1.38524796       3.7941035                    -0.3844282
3     463.4058   26.91547003       5.0482499                    -0.3844282
4     476.6459   12.54085762       9.6553021                    -0.3844282
5     473.0897   21.23867925       4.0377661                    -0.3844282
6     423.5367    2.45601300       2.1986590                    -0.3844282
7     482.8066    2.79370383       7.7216644                    -0.3844282
8     461.2639    3.30533166       6.5038209                    -0.3844282
9     438.8210   10.16046421       3.8497252                    -0.3844282
10    484.2429  -10.19872878       9.8744458                    -0.3844282
11    471.6556    5.32251500       8.9027672                    -0.3844282
12    453.7994   -1.53759705       3.9431979                    -0.3844282
13    382.1130   11.11922264      -1.1131272                    -0.3844282
14    420.3110   -6.58591658       4.3340017                    -0.3844282
15    424.1498   -2.10216219       7.9916421                    -0.3844282
16    400.0606   10.83665083       0.7641151                    -0.3844282
17    449.9225   31.70056581       3.7880657                    -0.3844282
18    473.3989   -7.67345703       8.4736143                    -0.3844282
19    459.1520    5.75911603       7.6089618                    -0.3844282
20    413.3686    3.83067176       2.2592659                    -0.3844282
21    402.2704    7.67345517       2.3860720                    -0.3844282
22    487.5315    5.09150016       8.5812071                    -0.3844282
23    501.3437    6.87876687      10.3506338                    -0.3844282
24    519.5499  -23.62111222      13.9384728                    -0.3844282
25    481.0676   21.11205718       8.9451630                    -0.3844282
26    450.1469   15.98800954       4.5689320                    -0.3844282
27    438.6356   36.47461759       2.3988230                    -0.3844282
28    412.6412    6.93179406       3.3747205                    -0.3844282
29    513.4667    2.39407282      13.1892525                    -0.3844282
30    478.8453    7.10187129       7.3733856                    -0.3844282
31    442.1241    6.38707703       4.6954961                    -0.3844282
32    449.7816   -7.15311147       3.9521605                    -0.3844282
33    399.2647   -6.50031944       2.3765230                    -0.3844282
34    367.4138   17.78042527      -2.6864258                    -0.3844282
35    479.0999   -1.51467432      10.8437704                    -0.3844282
36    451.2853   -9.57485354       6.3034232                    -0.3844282
37    434.0484   16.76058211       2.7285236                    -0.3844282
38    464.2019   16.79677880       5.8483607                    -0.3844282
39    489.2334   20.32085033       7.9274078                    -0.3844282
40    461.9940   19.79223532       5.5043610                    -0.3844282
41    410.1665   -8.95334901       2.7526295                    -0.3844282
42    451.6108    8.82837522       7.0095741                    -0.3844282
43    453.3563    9.52465776       6.9061923                    -0.3844282
44    484.7777  -15.95319971       9.3444288                    -0.3844282
45    411.5053    0.31716469       4.7421466                    -0.3844282
46    499.4228   15.14004875       9.8506078                    -0.3844282
47    384.9714   -7.95260780       1.8502331                    -0.3844282
48    449.5053    0.39283220       5.3780421                    -0.3844282
49    478.0279   24.11490256       6.9756821                    -0.3844282
50    415.7918   -1.84308216       1.9392141                    -0.3844282
51    453.5429   19.70712900       5.0817881                    -0.3844282
52    423.2245   -8.94275813       4.3119633                    -0.3844282
53    430.2076   -4.93329029       3.4552869                    -0.3844282
54    414.9763   -9.63181249       2.7147736                    -0.3844282
55    529.0269    0.07572167      11.4464157                    -0.3844282
56    515.7526   -8.76215774      13.4378472                    -0.3844282
57    455.1256   11.12407614       6.1662638                    -0.3844282
58    430.6882   19.32096815       2.0000649                    -0.3844282
59    406.4575   14.32688802       2.9723073                    -0.3844282
60    446.0463    7.97593629       6.6867373                    -0.3844282
61    443.9545   29.52890133       5.4188920                    -0.3844282
62    400.6186  -13.55676767       3.3010406                    -0.3844282
63    507.3207    1.23458833       9.2418978                    -0.3844282
64    451.0465   -4.52509251       7.6538372                    -0.3844282

$TargetPic
            (Intercept) faceRaceWhite FixAreaforehead faceRaceWhite:FixAreaforehead
Black1.jpg     450.3070      5.684388        5.775086                    -0.3844282
Black10.jpg    453.0218      5.684388        5.775086                    -0.3844282
Black11.jpg    448.5282      5.684388        5.775086                    -0.3844282
Black12.jpg    443.5751      5.684388        5.775086                    -0.3844282
Black13.jpg    450.4490      5.684388        5.775086                    -0.3844282
Black15.jpg    448.6992      5.684388        5.775086                    -0.3844282
Black16.jpg    458.5479      5.684388        5.775086                    -0.3844282
Black17.jpg    457.5316      5.684388        5.775086                    -0.3844282
Black2.jpg     442.2853      5.684388        5.775086                    -0.3844282
Black20.jpg    443.2191      5.684388        5.775086                    -0.3844282
Black21.jpg    450.5545      5.684388        5.775086                    -0.3844282
Black22.jpg    450.3487      5.684388        5.775086                    -0.3844282
Black23.jpg    441.3606      5.684388        5.775086                    -0.3844282
Black24.jpg    446.6171      5.684388        5.775086                    -0.3844282
Black25.jpg    449.9817      5.684388        5.775086                    -0.3844282
Black26.jpg    446.7178      5.684388        5.775086                    -0.3844282
Black27.jpg    459.9185      5.684388        5.775086                    -0.3844282
Black29.jpg    439.7842      5.684388        5.775086                    -0.3844282
Black3.jpg     444.5252      5.684388        5.775086                    -0.3844282
Black31.jpg    457.4350      5.684388        5.775086                    -0.3844282
Black32.jpg    459.3695      5.684388        5.775086                    -0.3844282
Black33.jpg    456.8202      5.684388        5.775086                    -0.3844282
Black36.jpg    452.3654      5.684388        5.775086                    -0.3844282
Black39.jpg    451.5928      5.684388        5.775086                    -0.3844282
Black40.jpg    452.0837      5.684388        5.775086                    -0.3844282
Black5.jpg     447.9790      5.684388        5.775086                    -0.3844282
Black50.jpg    453.6484      5.684388        5.775086                    -0.3844282
Black51.jpg    443.8675      5.684388        5.775086                    -0.3844282
Black6.jpg     452.5419      5.684388        5.775086                    -0.3844282
Black7.jpg     451.2583      5.684388        5.775086                    -0.3844282
Black8.jpg     447.7847      5.684388        5.775086                    -0.3844282
Black9.jpg     453.7694      5.684388        5.775086                    -0.3844282
White1.jpg     449.3318      5.684388        5.775086                    -0.3844282
White10.jpg    449.5390      5.684388        5.775086                    -0.3844282
White11.jpg    447.7817      5.684388        5.775086                    -0.3844282
White12.jpg    450.9778      5.684388        5.775086                    -0.3844282
White14.jpg    444.1133      5.684388        5.775086                    -0.3844282
White16.jpg    444.4359      5.684388        5.775086                    -0.3844282
White17.jpg    454.5617      5.684388        5.775086                    -0.3844282
White18.jpg    448.1076      5.684388        5.775086                    -0.3844282
White2.jpg     452.8690      5.684388        5.775086                    -0.3844282
White20.jpg    447.0510      5.684388        5.775086                    -0.3844282
White21.jpg    447.5223      5.684388        5.775086                    -0.3844282
White22.jpg    438.7460      5.684388        5.775086                    -0.3844282
White23.jpg    450.2771      5.684388        5.775086                    -0.3844282
White24.jpg    446.6452      5.684388        5.775086                    -0.3844282
White26.jpg    452.1048      5.684388        5.775086                    -0.3844282
White29.jpg    451.9070      5.684388        5.775086                    -0.3844282
White3.jpg     448.3889      5.684388        5.775086                    -0.3844282
White30.jpg    454.6995      5.684388        5.775086                    -0.3844282
White31.jpg    452.3151      5.684388        5.775086                    -0.3844282
White32.jpg    458.4318      5.684388        5.775086                    -0.3844282
White33.jpg    453.6475      5.684388        5.775086                    -0.3844282
White34.jpg    446.4446      5.684388        5.775086                    -0.3844282
White35.jpg    456.7232      5.684388        5.775086                    -0.3844282
White38.jpg    455.0042      5.684388        5.775086                    -0.3844282
White41.jpg    450.3679      5.684388        5.775086                    -0.3844282
White5.jpg     441.7471      5.684388        5.775086                    -0.3844282
White54.jpg    445.7179      5.684388        5.775086                    -0.3844282
White56.jpg    451.7945      5.684388        5.775086                    -0.3844282
White57.jpg    454.2439      5.684388        5.775086                    -0.3844282
White6.jpg     462.2543      5.684388        5.775086                    -0.3844282
White8.jpg     456.3187      5.684388        5.775086                    -0.3844282
White9.jpg     442.4177      5.684388        5.775086                    -0.3844282

attr(,"class")
[1] "coef.mer"
