Linear mixed model fit by REML 
t-tests use  Satterthwaite approximations to degrees of freedom ['lmerMod']
Formula: meanAmp_factor ~ Race_effect + Fix_effect + (Race_effect + Fix_effect |      Subject) + (1 | Electrode)
   Data: VT1

REML criterion at convergence: 4223.3

Scaled residuals: 
    Min      1Q  Median      3Q     Max 
-3.2706 -0.6011 -0.0119  0.6131  4.5402 

Random effects:
 Groups    Name        Variance Std.Dev. Corr       
 Subject   (Intercept) 2.01213  1.4185              
           Race_effect 0.15243  0.3904   -0.03      
           Fix_effect  0.27692  0.5262    0.04 -0.07
 Electrode (Intercept) 0.01141  0.1068              
 Residual              0.31824  0.5641              
Number of obs: 2048, groups:  Subject, 64; Electrode, 8

Fixed effects:
            Estimate Std. Error       df t value Pr(>|t|)    
(Intercept) -0.84871    0.18172 67.30000  -4.670 1.48e-05 ***
Race_effect -0.05173    0.05037 63.00000  -1.027    0.308    
Fix_effect   0.40706    0.06695 63.00000   6.080 7.75e-08 ***
---
Signif. codes:  0 ‘***’ 0.001 ‘**’ 0.01 ‘*’ 0.05 ‘.’ 0.1 ‘ ’ 1

Correlation of Fixed Effects:
            (Intr) Rc_ffc
Race_effect -0.026       
Fix_effect   0.043 -0.068
[1] "________________________________________________________________________________________________"
$Subject
   (Intercept)  Race_effect    Fix_effect
1   2.27672172  0.623710097 -0.2811422796
2  -1.92559798  0.116840624  0.5948607197
3  -0.99834110  0.535573426  0.1705486894
4   0.48689980 -0.105720502 -0.1227207890
5  -2.29807743  0.462728170  0.1868866018
6  -1.83148421 -0.313940686  0.5868415354
7   1.66448837 -0.673579953  1.3446872906
8  -0.68045127 -0.600153749  0.6495688907
9   1.57144847  0.073896646  0.2674788507
10  1.03055976 -0.248565958  1.0171583043
11  0.20753056 -0.058540478  0.7624075000
12 -0.99486935 -0.060557289  0.8208757632
13 -1.30704151  0.269490721  0.7006181308
14 -0.97431020  0.579916482  0.8829253007
15 -1.65406154 -0.007113452 -0.4808439290
16 -0.95809199 -0.227715681  0.1749207844
17 -3.06946380 -0.495055045 -0.8194683651
18 -4.47677388  0.647101718  0.2302396150
19  0.94708768 -0.440775508 -0.3711642189
20 -2.45036344 -0.262358552  0.6130702187
21 -0.60965403 -0.288808897  0.4672733496
22 -1.76335221 -0.209779404  0.4575832304
23 -0.77821983 -0.238135317 -0.1719675537
24 -0.90034294  0.315168801  0.8436582584
25 -1.18921995 -0.657643097  0.6396137934
26 -0.88967101 -0.049175910  1.0791692809
27  0.06838595  0.457597048  0.5953804654
28 -1.31158261  0.128133929 -0.0900862938
29 -0.49815254 -0.650343619  1.8184539318
30 -1.32294864  0.322395447  0.4558391963
31 -0.50614327 -0.490629678 -0.0644312086
32 -0.68990566 -0.080295383  0.0001758961
33  1.98193510  0.391615778  0.1649355745
34 -0.68115983 -0.463232121  0.6825865195
35 -0.49753260 -0.031788874  0.5757095611
36 -0.84401667  0.307379109  0.3904459295
37 -2.52337781  0.427150854  0.9064218325
38  1.88308922  0.475362015 -0.2381063064
39  1.03048561  0.291141608  0.8968124075
40 -3.38685934 -0.540283439  0.1226794360
41  0.05850345 -0.239201413  0.5361288004
42 -0.80472488 -0.168641851  0.2079230638
43 -1.20032066 -0.082867377 -0.0575886256
44  0.41741358 -0.287627592  0.3822204550
45 -0.03933145 -0.420017299  1.0191630749
46 -0.67189708  0.010909896 -1.0025267333
47 -1.06125083  0.080466563 -0.0825551728
48  0.33405757 -0.035824568  0.9521721481
49 -1.04314220 -0.093410730 -0.1265008774
50  0.53497985 -0.246656501 -0.1280641986
51 -1.08291455 -0.924750661  0.0100715151
52 -2.06799522 -0.477841108  0.7498012041
53  0.32778865 -0.077763764  1.2035220308
54 -0.21935262 -0.325856832  0.6951527108
55 -3.99893287  0.053033406  0.4878281267
56 -2.26610061 -0.104719957  0.3528191118
57 -0.16248909 -0.199472527  0.3763538981
58 -0.67823674  0.255252372  0.8842012249
59 -2.03264657  0.637071316  0.2840837422
60 -1.56649911 -0.031094418 -0.2451913069
61 -1.35912726 -0.188332353  1.0882836107
62 -0.80411162 -0.371346873  0.5905355812
63 -4.37721425 -0.077655007  0.6529000163
64 -1.69118285  0.774770978  0.7614386927

$Electrode
    (Intercept) Race_effect Fix_effect
C3   -0.7678892  -0.0517276  0.4070636
CP3  -0.7852793  -0.0517276  0.4070636
CP4  -0.7665733  -0.0517276  0.4070636
CPz  -0.9797897  -0.0517276  0.4070636
Cz   -0.8497948  -0.0517276  0.4070636
P3   -0.8350565  -0.0517276  0.4070636
P4   -0.7770582  -0.0517276  0.4070636
Pz   -1.0282043  -0.0517276  0.4070636

attr(,"class")
[1] "coef.mer"
[1] "________________________________________________________________________________________________"
      AIC       BIC    logLik  deviance  df.resid 
 4235.966  4297.837 -2106.983  4213.966  2037.000 
