Linear mixed model fit by REML t-tests use Satterthwaite approximations to degrees of
  freedom [lmerMod]
Formula: meanAmp_factor ~ Race * Fix + (Race * Fix | Subject) + (1 | Electrode)
   Data: VT1

REML criterion at convergence: 1123.8

Scaled residuals: 
    Min      1Q  Median      3Q     Max 
-4.8759 -0.3179  0.0029  0.3299  5.6858 

Random effects:
 Groups    Name              Variance Std.Dev. Corr             
 Subject   (Intercept)       2.64645  1.6268                    
           RaceWhite         1.70199  1.3046   -0.39            
           Fixfore           2.35240  1.5338   -0.41  0.54      
           RaceWhite:Fixfore 3.75618  1.9381    0.30 -0.79 -0.72
 Electrode (Intercept)       0.01246  0.1116                    
 Residual                    0.05017  0.2240                    
Number of obs: 2048, groups:  Subject, 64; Electrode, 8

Fixed effects:
                  Estimate Std. Error      df t value Pr(>|t|)    
(Intercept)        -1.3087     0.2074 67.0100  -6.311 2.54e-08 ***
RaceWhite           0.1059     0.1637 63.0800   0.647   0.5201    
Fixfore             1.0235     0.1922 63.0900   5.324 1.44e-06 ***
RaceWhite:Fixfore  -0.4187     0.2431 63.1000  -1.722   0.0899 .  
---
Signif. codes:  0 ‘***’ 0.001 ‘**’ 0.01 ‘*’ 0.05 ‘.’ 0.1 ‘ ’ 1

Correlation of Fixed Effects:
            (Intr) RacWht Fixfor
RaceWhite   -0.386              
Fixfore     -0.403  0.538       
RacWht:Fxfr  0.300 -0.790 -0.723
[1] "________________________________________________________________________________________________"
$Subject
     (Intercept)   RaceWhite     Fixfore RaceWhite:Fixfore
1   0.6967519308  3.78905733  1.86551129       -4.93412813
2  -2.2995630574 -0.46362968  0.48684522        1.43106440
3  -2.0643312827  1.80089962  0.99657569       -1.33204534
4   1.3479943417 -1.43030872 -1.49031241        2.41974534
5  -2.5652965897  0.15891142 -0.45644284        1.64064577
6  -2.9946148244  1.13247330  2.97329689       -3.57571294
7   1.3637516637 -2.11860433  2.03034897        1.41836017
8  -1.1002888201 -0.47058565  2.09947572       -1.57673189
9   1.4919050917 -0.34474216  0.01731607        1.01366919
10 -0.0086726608  0.02479236  2.60729920       -1.07731468
11 -0.7217274030  0.32151837  1.98192209       -0.87288740
12 -2.6283901082  1.59737561  3.38439854       -3.43233096
13 -2.7529136332  1.46606289  2.31170169       -1.77963253
14 -2.9417739174  2.13496701  2.70131425       -1.80466890
15 -0.8466706479 -0.60548011 -1.60526154        1.18011214
16 -0.7958136963 -0.65996031  0.15110385        0.36688205
17 -0.7274929004 -2.98640543 -3.65279879        3.87471130
18 -4.9301808943  0.42072359 -0.48986774        1.89240946
19  1.5845406419 -0.46603037 -0.33199483       -0.92271287
20 -3.1957585347  0.23758615  2.02469453       -1.57026129
21 -0.9680769935 -0.21814789  1.32178912       -0.77001226
22 -2.6125501519  0.77163519  2.12739620       -2.41658161
23 -0.9857348732  0.79551766  0.91547416       -2.58954364
24 -1.9846994291  0.45247499  1.49510921        0.44091932
25 -0.4441763602 -2.78277579 -0.11154237        2.80099899
26 -2.0811871585  0.18276648  2.47631359       -0.55411126
27 -0.9095476757  0.75986660  0.99081108        0.42591069
28 -0.4466356083 -1.52284581 -2.00496813        3.58881652
29 -1.8388366252 -1.03653632  4.04099593       -0.64400046
30 -2.2800363514  0.99315941  1.22435591       -0.61413064
31 -0.3805799444 -0.08832906  0.78356857       -1.88648733
32 -0.0829534492 -1.18666195 -1.04556567        2.03973300
33  1.6928906313  0.28798998 -0.23013557        1.08861117
34 -0.0581129732 -2.62340347 -0.27395468        3.30366390
35 -1.0535490390 -0.04647351  1.17510279       -0.02769909
36 -1.4559230986  0.44253172  0.57006035        0.42294810
37 -4.3210569630  1.73327111  2.67210488       -1.64813130
38  0.8616676615  2.58089860  1.05861537       -3.14532735
39 -0.5681636561  1.38895544  2.58818803       -1.52867740
40 -2.8562880875 -1.31003025  0.05574563        0.34370312
41 -0.5658777464  0.17761080  1.75352299       -1.35000283
42 -0.9050138450 -0.20195329  0.55236981       -0.29872533
43 -1.4119530902  0.56362035  0.59249487       -1.47052908
44 -0.0345444412  0.15361794  1.51454850       -1.50750899
45 -1.1080472514  0.07017539  3.01956050       -1.89265686
46  0.3211028537  0.10749127 -2.00395999       -0.17321585
47 -0.2940754057 -1.34045343 -1.70716715        3.02368873
48 -0.2717781052 -0.71474124  1.28749827        1.29624924
49 -0.8938757882 -0.01419206 -0.10508232       -0.36075331
50  0.8472126271 -0.32140984 -0.09567660       -0.39087334
51 -0.7871063533 -0.58598880  1.35379760       -2.72288198
52 -3.5277763958  1.38796708  3.90914452       -4.77613482
53 -0.8527659026 -0.08387091  2.52328822       -0.13866692
54 -0.3783384786 -1.08246848  1.00300501        0.80422983
55 -4.9139271390  0.81903937  1.68758073       -1.40570356
56 -2.3169316559 -0.61319998  0.30681296        0.79231274
57  0.0006110789 -1.06927528  0.09488894        1.30743294
58 -2.0436472168  0.93294153  2.18469469       -0.77126098
59 -3.9939460782  3.34634881  2.56365188       -3.99283061
60 -1.5077848195  0.40622018 -0.05882245       -0.94021294
61 -2.3168283125 -0.30722896  2.29873115       -0.16232058
62 -1.0806179310 -0.63735844  1.32992974       -0.27921819
63 -5.4175566110  0.72637677  2.20990497       -1.77041472
64 -3.4416775896  1.94426576  1.85198036       -0.60408082

$Electrode
    (Intercept) RaceWhite  Fixfore RaceWhite:Fixfore
C3    -1.220473 0.1058753 1.023458         -0.418661
CP3   -1.239460 0.1058753 1.023458         -0.418661
CP4   -1.219037 0.1058753 1.023458         -0.418661
CPz   -1.451821 0.1058753 1.023458         -0.418661
Cz    -1.309896 0.1058753 1.023458         -0.418661
P3    -1.293805 0.1058753 1.023458         -0.418661
P4    -1.230484 0.1058753 1.023458         -0.418661
Pz    -1.504679 0.1058753 1.023458         -0.418661

attr(,"class")
[1] "coef.mer"
[1] "________________________________________________________________________________________________"
     AIC      BIC   logLik deviance df.resid 
1148.222 1238.216 -558.111 1116.222 2032.000 
