Linear mixed model fit by REML 
t-tests use  Satterthwaite approximations to degrees of freedom ['lmerMod']
Formula: meanAmp_factor ~ Race_effect + Fix_effect + (Race_effect + Fix_effect |      Subject) + (1 | Electrode)
   Data: VT2

REML criterion at convergence: 2709.7

Scaled residuals: 
    Min      1Q  Median      3Q     Max 
-2.6433 -0.6426  0.0004  0.6384  3.7843 

Random effects:
 Groups    Name        Variance Std.Dev. Corr       
 Subject   (Intercept) 4.085419 2.02124             
           Race_effect 0.107913 0.32850  -0.15      
           Fix_effect  0.207125 0.45511  -0.28  0.08
 Electrode (Intercept) 0.002669 0.05166             
 Residual              0.206365 0.45427             
Number of obs: 1536, groups:  Subject, 64; Electrode, 6

Fixed effects:
            Estimate Std. Error       df t value Pr(>|t|)    
(Intercept)  1.01930    0.25380 63.82000   4.016 0.000158 ***
Race_effect -0.10385    0.04267 63.00000  -2.434 0.017786 *  
Fix_effect  -0.24189    0.05806 63.00000  -4.166  9.6e-05 ***
---
Signif. codes:  0 ‘***’ 0.001 ‘**’ 0.01 ‘*’ 0.05 ‘.’ 0.1 ‘ ’ 1

Correlation of Fixed Effects:
            (Intr) Rc_ffc
Race_effect -0.142       
Fix_effect  -0.278  0.078
[1] "________________________________________________________________________________________________"
$Subject
   (Intercept)   Race_effect  Fix_effect
1   1.75613823  0.6082873681 -1.37497229
2   0.88723273 -0.0733152907 -0.39843867
3   1.55571206  0.0458867922 -0.26962483
4   1.13500036 -0.3111016872  0.21052611
5   5.27705113 -0.0485307675 -0.66376788
6   1.78169356  0.0083784169  0.36385954
7  -0.84062175 -0.4087797536 -0.07217855
8  -0.41325200 -0.0385739468 -0.04708907
9   1.78115107  0.1345832051 -0.20047176
10  1.08798544 -0.3756510875 -0.06021520
11 -1.74382271 -0.4164041492  0.05358265
12 -2.06107073 -0.0008033851 -0.23382911
13  0.83915335  0.1728759607 -0.24318830
14  0.78792239  0.2046221531  0.35524295
15  1.57649070 -0.1007920865 -0.89410729
16  2.09899046 -0.1020292853 -0.62043979
17  1.73706238 -0.1084299632 -0.67635237
18  2.00969912 -0.1740502186 -1.00547212
19  2.73430788 -0.2981170691  0.17303329
20 -0.53363609 -0.5604512821 -0.50217195
21 -0.59878181 -0.4476475219 -0.40396634
22  0.42725292 -0.1627637890  0.11990689
23  4.78680826 -1.1598414663 -0.43799787
24  1.08350971  0.0493377004  0.26006022
25 -1.05265077  0.0111511867  0.03803440
26 -0.76707802 -0.0403652441  0.38046318
27  3.85555869 -0.0421947569  0.29142036
28  2.54984434  0.0459213017 -0.60528542
29 -0.23294949  0.6586043282  0.24581196
30  7.12211023 -0.0372136137 -0.52219032
31  3.75369883 -0.0960370409 -0.94279800
32  0.11981317  0.1456414159 -0.15824791
33  1.32900937 -0.0993177589 -1.24480732
34 -2.53510608 -0.3296936778 -0.31453072
35 -0.65175873  0.0973778627 -0.09251492
36 -0.99622713  0.0132157193 -0.79072946
37  2.17036091 -0.3754450128  0.34224098
38  6.19129644 -0.1809362588 -0.94374757
39  0.91769102 -0.3028060223 -0.72676075
40 -0.04277359  0.2179394995 -0.08114475
41  4.89465601 -0.4189412573 -0.20396208
42  0.53878729  0.1386070304  0.13486368
43  3.60790175 -0.7174170448 -0.23447084
44  0.26478925 -0.1699537293 -0.39937228
45  0.03437767 -0.3319557348 -0.73596881
46  0.98986645  0.3110180674  0.09958424
47  0.31914933  0.0769897569  0.45806272
48 -1.74179649  0.3599938219 -0.17179548
49 -0.10954845 -0.0651838127  0.11135745
50  2.79439662 -0.3926810462 -0.51812281
51 -0.51982282 -0.0079773994  0.09849953
52 -1.26340282 -0.4025218601  0.36677574
53 -0.88100895 -0.1697013200  0.94221248
54  3.21806412 -0.0129465066 -0.47236602
55 -0.05432268 -0.1431612768 -0.60480321
56  0.28695453  0.1308591036 -0.49414351
57  2.38155726 -0.1799982856  0.11267932
58 -0.86240125 -0.1045441924 -0.17631703
59  2.62256015  0.3476362421 -0.21453564
60 -2.41210375  0.2451524590 -0.25026309
61  0.39525119 -0.2243507704 -0.39641629
62  0.32391288 -0.9321772578 -0.73195103
63  0.43514009 -0.4820771173 -0.34122326
64  1.08933277  0.3766480005 -0.16626295

$Electrode
    (Intercept) Race_effect Fix_effect
CPz   0.9843667  -0.1038461 -0.2418875
Cz    1.0424792  -0.1038461 -0.2418875
FC3   0.9801716  -0.1038461 -0.2418875
FC4   0.9818948  -0.1038461 -0.2418875
FCz   1.0922820  -0.1038461 -0.2418875
Fz    1.0345969  -0.1038461 -0.2418875

attr(,"class")
[1] "coef.mer"
[1] "________________________________________________________________________________________________"
      AIC       BIC    logLik  deviance  df.resid 
 2722.358  2781.064 -1350.179  2700.358  1525.000 
