Linear mixed model fit by REML t-tests use Satterthwaite approximations to degrees of
  freedom [lmerMod]
Formula: meanAmp_factor ~ Race * Fix + (Race * Fix | Subject) + (1 | Electrode)
   Data: VT2

REML criterion at convergence: -416.6

Scaled residuals: 
    Min      1Q  Median      3Q     Max 
-2.9799 -0.4244  0.0046  0.4522  5.0588 

Random effects:
 Groups    Name              Variance Std.Dev. Corr             
 Subject   (Intercept)       5.577793 2.36174                   
           RaceWhite         1.245787 1.11615  -0.40            
           Fixfore           1.539472 1.24075  -0.53  0.56      
           RaceWhite:Fixfore 2.476961 1.57384   0.30 -0.80 -0.66
 Electrode (Intercept)       0.003415 0.05843                   
 Residual                    0.015423 0.12419                   
Number of obs: 1536, groups:  Subject, 64; Electrode, 6

Fixed effects:
                  Estimate Std. Error      df t value Pr(>|t|)    
(Intercept)         1.4837     0.2962 64.8500   5.008 4.48e-06 ***
RaceWhite          -0.4449     0.1398 63.3500  -3.183  0.00226 ** 
Fixfore            -0.7210     0.1554 63.5100  -4.641 1.78e-05 ***
RaceWhite:Fixfore   0.4745     0.1971 63.2300   2.407  0.01902 *  
---
Signif. codes:  0 ‘***’ 0.001 ‘**’ 0.01 ‘*’ 0.05 ‘.’ 0.1 ‘ ’ 1

Correlation of Fixed Effects:
            (Intr) RacWht Fixfor
RaceWhite   -0.400              
Fixfore     -0.530  0.563       
RacWht:Fxfr  0.302 -0.797 -0.665
[1] "________________________________________________________________________________________________"
$Subject
   (Intercept)   RaceWhite     Fixfore RaceWhite:Fixfore
1    1.9790885  2.39799882 -1.77918571      -2.130449693
2    2.1542710 -1.72441178 -2.39262480       3.163576433
3    1.4803291  0.69283467  0.03653076      -1.152009222
4    1.4883814 -1.16510884 -0.04911831       1.019342614
5    6.6257787 -1.34028725 -2.60790987       2.534283692
6    1.0115911  0.76504011  1.51300420      -1.462162263
7    0.2724141 -2.09567829 -1.36287926       2.448862605
8   -0.0790699 -0.58756228 -0.60004530       1.028676890
9    2.1399541 -0.31865050 -1.02047737       1.251706241
10   1.7601648 -1.24045799 -0.55092203       0.894761666
11  -1.3884994 -0.84097154  0.16834138      -0.098875708
12  -1.3276982 -0.99588964 -1.48263767       1.997932362
13   1.1114261 -0.05561484 -0.93112770       0.884716240
14   0.2539356  0.31334374  0.61897114       0.277646733
15   3.1584268 -1.32487821 -2.96809645       2.256326917
16   3.5104819 -1.55329177 -2.62111389       2.708376626
17   2.2936640  0.27282456 -0.89990928      -0.970776106
18   3.6268671 -1.16490797 -2.88218903       1.625660820
19   2.7116551 -0.33659378  0.67562185      -0.569699702
20   0.7258066 -1.49636475 -1.33473227       0.605264010
21   0.2179312 -0.81408228 -0.69092163      -0.274854708
22  -0.2091681  1.00456122  1.60892605      -2.683259227
23   7.4711647 -4.48936081 -2.89031029       4.045560439
24   1.0875464 -0.56636512 -0.12386779       1.371251409
25  -0.5124753 -1.17540280 -1.11804279       2.412219031
26  -1.1883311  0.03490278  0.91816076      -0.229601409
27   3.8596025 -0.63494644  0.07557686       1.133075445
28   3.5942606 -0.84989232 -2.20438462       1.941386664
29  -1.3766709  1.76490058  0.86108667      -0.677750350
30   7.6009479  0.10343904 -0.89030690      -0.291601837
31   4.6857084  0.07402891 -1.67790201      -0.504133259
32   0.3935696 -0.23466157 -0.87535767       1.119868278
33   3.3348270 -1.44345279 -3.82270691       2.501384173
34  -1.4964808 -1.44092075 -1.38834279       1.471214458
35  -0.6648602  0.20271443 -0.19849597       0.032449437
36  -0.1352810 -0.09449125 -1.77314030       0.269110630
37   2.1919310 -0.77681127  0.75460326      -0.027669413
38   6.8844427  0.55066681 -1.01601579      -1.805418311
39   2.0278069 -0.73018993 -1.59037972       0.193348340
40  -0.2558263  0.57938241 -0.05687879      -0.198162722
41   5.2482752 -0.30861158  0.18060938      -1.126933545
42   0.1429061  0.49485812  0.48181395      -0.368450757
43   5.3540079 -3.03120452 -1.96336602       3.023213852
44   0.6979597 -0.05510816 -0.51941030      -0.592336510
45   0.6501923  0.27805159 -0.54094566      -1.952887828
46   1.1510461 -0.54482379 -1.00139163       2.453996747
47   0.4303766 -1.19128267 -0.39585011       2.732088133
48  -2.2537804  1.36838849  0.23300391      -1.174941370
49  -0.1701161 -0.12794672  0.24809301      -0.003818382
50   4.0539974 -1.46527653 -1.69201618       1.286710848
51  -0.5984512 -0.06423844  0.16088604       0.112144906
52  -2.0894298  0.87026125  2.50356672      -3.459160829
53  -1.4298685 -0.87837328  1.45715334       1.033558418
54   4.2905927 -1.18348538 -2.13204985       2.358250577
55   0.6536169 -0.17712000 -1.12872576      -0.233456048
56   0.8197521 -0.05488261 -1.36508207       0.701368536
57   2.6555707 -0.80311458 -0.17176224       0.868688183
58  -0.7791409  0.18268433  0.04103110      -0.796111159
59   2.0305090  1.61310006  0.42325713      -1.687576924
60  -2.7373577  1.15771605  0.10469217      -1.251268122
61   1.4158455 -1.23657079 -1.57647369       1.535997361
62   1.7379331 -1.33186274 -0.84785151      -1.313493649
63   1.4268379 -1.29568687 -0.96501202       0.546004563
64   1.2332912  0.04258430 -1.11081051       1.565327651

$Electrode
    (Intercept)  RaceWhite    Fixfore RaceWhite:Fixfore
CPz    1.438964 -0.4449461 -0.7210288         0.4745077
Cz     1.513318 -0.4449461 -0.7210288         0.4745077
FC3    1.433597 -0.4449461 -0.7210288         0.4745077
FC4    1.435802 -0.4449461 -0.7210288         0.4745077
FCz    1.577040 -0.4449461 -0.7210288         0.4745077
Fz     1.503233 -0.4449461 -0.7210288         0.4745077

attr(,"class")
[1] "coef.mer"
[1] "________________________________________________________________________________________________"
      AIC       BIC    logLik  deviance  df.resid 
-392.6426 -307.2516  212.3213 -424.6426 1520.0000 
