Linear mixed model fit by REML 
t-tests use  Satterthwaite approximations to degrees of freedom ['lmerMod']
Formula: meanAmp_factor ~ Race_effect + Fix_effect + (Race_effect + Fix_effect |      Subject) + (1 | Electrode)
   Data: VT3

REML criterion at convergence: 4186.4

Scaled residuals: 
     Min       1Q   Median       3Q      Max 
-3.04107 -0.61871  0.00177  0.60323  2.68248 

Random effects:
 Groups    Name        Variance Std.Dev. Corr       
 Subject   (Intercept) 2.86565  1.6928              
           Race_effect 0.16638  0.4079   -0.27      
           Fix_effect  0.14036  0.3746   -0.17  0.05
 Electrode (Intercept) 0.03199  0.1788              
 Residual              0.21395  0.4625              
Number of obs: 2560, groups:  Subject, 64; Electrode, 10

Fixed effects:
            Estimate Std. Error       df t value Pr(>|t|)    
(Intercept)  2.06567    0.21922 69.69000   9.423 4.64e-14 ***
Race_effect -0.46335    0.05180 63.00000  -8.945 8.06e-13 ***
Fix_effect  -0.01647    0.04772 63.00000  -0.345    0.731    
---
Signif. codes:  0 ‘***’ 0.001 ‘**’ 0.01 ‘*’ 0.05 ‘.’ 0.1 ‘ ’ 1

Correlation of Fixed Effects:
            (Intr) Rc_ffc
Race_effect -0.259       
Fix_effect  -0.160  0.050
[1] "________________________________________________________________________________________________"
$Subject
   (Intercept) Race_effect   Fix_effect
1    0.2349345 -0.37964473 -0.223225024
2    2.0449244  0.06524114  0.558418836
3    3.1384971  0.27084308 -0.496728512
4    1.2171179 -0.87447193 -0.004434435
5    1.1827598 -0.41943374  0.372235554
6    4.0608586 -0.81131902 -0.223514160
7    2.4894491 -0.25647015  0.048583542
8    1.1766330 -0.76272213  0.305114060
9    1.7609812 -0.39499132  0.441009893
10   4.1079757 -0.39507378 -0.217179763
11   3.5374818 -0.81343596 -0.437210395
12   6.4637628 -0.27543459  0.562396684
13   2.2827140 -0.54250319  0.347717057
14   2.0595892 -0.31206636  0.361100200
15   4.7764431 -0.24959420 -0.552533565
16   4.4116925  0.11539823  0.329610708
17   1.1664839 -0.82862981  0.039828164
18   1.8643767 -1.09451456 -0.264181310
19   2.4259688 -1.14566001 -0.150204185
20   2.0648523 -0.35816807  0.205990132
21   0.7217196 -0.34219790  0.161301727
22   1.2533465 -0.10402133 -0.648013833
23   4.5344467 -1.03214365 -0.066037167
24   4.7953638 -0.23893129 -0.113476365
25  -0.6205221 -0.45128753 -0.815577980
26  -0.1310990 -0.64123606  0.348654844
27   2.1349160 -0.27966706  0.171927758
28   2.4822719 -0.79866959  0.125062549
29  -0.2836333 -0.16532805  0.805989361
30   2.1245642 -0.23970612  0.257272782
31   1.2957829 -0.35504438  0.137226686
32  -1.2684067  0.53455295 -0.017644595
33   3.1298094 -0.10729173 -0.812583963
34   1.2768713 -0.81297525 -0.174557288
35  -0.5592839  0.23842938  0.175345253
36   1.3824800 -0.51128697 -0.166226877
37   4.0710135 -0.65819391  0.465017623
38   1.5078621 -0.34336064 -0.046639476
39   5.5835220 -0.75703996 -0.123362557
40   4.2750031 -0.80269680  0.072480147
41   4.3247747 -0.58564764 -0.333358581
42   0.5144332 -0.42196183 -0.040698261
43   4.9287644 -1.13654696 -0.361214629
44   3.5281511 -0.71362308 -0.070513260
45   4.8735539 -0.57260931 -1.079129252
46   2.0221826 -0.63374829  0.065886660
47   1.0317810 -0.03479247 -0.435624550
48  -0.7203563 -0.13357606 -0.136787709
49   1.1593597 -0.52202827 -0.077173649
50   2.8079676 -1.16109988  0.046978273
51   2.0498374 -0.38917956  0.390234653
52   0.7969720 -0.30038434  0.326888634
53   0.8757320 -0.04604022  0.268013619
54   2.6944617 -0.45555259  0.165428535
55   1.4235605 -0.66083481  0.276418267
56   0.4846445 -0.10376403 -0.397929820
57   1.0322183 -1.07535228 -0.050850682
58   1.4811171 -0.52380448 -0.273530932
59   1.7081648  0.02064749 -0.465227778
60   0.5551478 -0.01574503 -0.044106904
61   1.9773173 -0.55076221 -0.449738539
62   2.1750022 -1.53049059  0.080714607
63   0.1610785 -1.01286759  0.296994653
64   0.1432027  0.23606979  0.505138783

$Electrode
    (Intercept) Race_effect  Fix_effect
C3     2.090006  -0.4633506 -0.01647243
C4     1.824098  -0.4633506 -0.01647243
CP3    1.939477  -0.4633506 -0.01647243
CPz    2.288575  -0.4633506 -0.01647243
Cz     2.314173  -0.4633506 -0.01647243
FC3    2.028979  -0.4633506 -0.01647243
FC4    1.886189  -0.4633506 -0.01647243
FCz    2.291699  -0.4633506 -0.01647243
Fz     2.002963  -0.4633506 -0.01647243
Pz     1.990495  -0.4633506 -0.01647243

attr(,"class")
[1] "coef.mer"
[1] "________________________________________________________________________________________________"
      AIC       BIC    logLik  deviance  df.resid 
 4198.784  4263.109 -2088.392  4176.784  2549.000 
