Linear mixed model fit by REML t-tests use Satterthwaite approximations to degrees of
  freedom [lmerMod]
Formula: meanAmp_factor ~ Race * Fix + (Race * Fix | Subject) + (1 | Electrode)
   Data: VT3

REML criterion at convergence: -325.5

Scaled residuals: 
    Min      1Q  Median      3Q     Max 
-3.7822 -0.4105  0.0072  0.3863  3.9228 

Random effects:
 Groups    Name              Variance Std.Dev. Corr             
 Subject   (Intercept)       3.78892  1.9465                    
           RaceWhite         1.19622  1.0937   -0.40            
           Fixfore           1.31006  1.1446   -0.31  0.52      
           RaceWhite:Fixfore 2.77749  1.6666    0.11 -0.66 -0.75
 Electrode (Intercept)       0.03272  0.1809                    
 Residual                    0.02723  0.1650                    
Number of obs: 2560, groups:  Subject, 64; Electrode, 10

Fixed effects:
                  Estimate Std. Error      df t value Pr(>|t|)    
(Intercept)         2.5800     0.2500 69.0800  10.319 1.33e-15 ***
RaceWhite          -0.9957     0.1370 63.2200  -7.266 6.73e-10 ***
Fixfore            -0.1019     0.1434 63.1700  -0.711    0.480    
RaceWhite:Fixfore   0.1380     0.2087 63.2400   0.661    0.511    
---
Signif. codes:  0 ‘***’ 0.001 ‘**’ 0.01 ‘*’ 0.05 ‘.’ 0.1 ‘ ’ 1

Correlation of Fixed Effects:
            (Intr) RacWht Fixfor
RaceWhite   -0.393              
Fixfore     -0.306  0.521       
RacWht:Fxfr  0.103 -0.662 -0.747
[1] "________________________________________________________________________________________________"
$Subject
    (Intercept)   RaceWhite      Fixfore RaceWhite:Fixfore
1  -0.125092673  1.17824502  1.475775564       -3.88122113
2   1.450104698  0.03717307  1.030901374        0.25007722
3   3.172722766  0.96094711 -0.653169847       -0.74122202
4   2.274714928 -2.10978487 -0.342805536        0.66541530
5   1.687649872 -1.78053528 -0.172423751        1.88216139
6   4.882504130 -1.18201148 -0.002036324       -0.90781844
7   3.723536290 -2.56801991 -1.967969653        4.14036275
8   1.880967992 -2.04230377  0.134715317        0.99059224
9   2.044798992 -1.47976924  0.219569815        1.38568408
10  4.813212193 -0.96034960 -0.625575596        0.36516218
11  4.482056855 -0.98699618 -0.243850906       -1.31077960
12  6.188707457 -0.60723784  1.090375537        0.17010598
13  2.078465285 -0.31115707  1.499391878       -1.55657473
14  2.486270959 -1.59968959 -0.237190426        1.96995848
15  5.474942647 -0.25275704 -0.912272599       -0.44532622
16  4.354407625 -0.56231249 -0.149229510        1.67539499
17  1.921330473 -1.59563766  0.168790166       -0.17478307
18  3.494012802 -2.71747253 -1.035427638        0.97946641
19  3.614067894 -2.06957124 -0.046652023       -0.52340516
20  2.142293894 -0.58109971  0.556250182       -0.25808465
21  0.905085826 -0.70200132  0.311847999        0.03900779
22  1.467709150  0.90945154 -0.241871128       -2.19862152
23  5.144891392 -1.08545258  0.875065088       -2.00779832
24  5.311547341 -0.79504317 -0.568623375        0.68356066
25  0.850659575 -1.26136865 -2.041909295        0.69846452
26 -0.191097289 -0.60464035  1.414790847       -1.39562632
27  2.649739864 -1.38495580 -0.480594151        1.67460026
28  3.741283272 -2.77833290 -0.902066252        2.32563930
29 -1.003176406 -0.22840043  1.756206003       -0.18785568
30  2.088787538 -0.46001660  0.539125646       -0.01151476
31  1.146834463  0.01284071  1.003010893       -1.43971128
32 -1.374732257  0.24879851 -0.912053585        1.73556227
33  4.380544095 -0.82105400 -2.309982437        1.26555316
34  3.039816703 -3.16853991 -1.881115191        3.03803561
35 -1.089006990  0.69625105  0.544579944       -0.37512629
36  2.004107235 -0.90190497 -0.218041523       -0.25265464
37  4.068737927 -0.95593639  1.332817360       -0.72924258
38  1.241869850  0.62698728  1.212782121       -2.61858547
39  5.979694226 -0.53614460  0.737289338       -1.96430201
40  4.603321376 -0.80663228  0.967844282       -1.62186894
41  5.081988705 -0.82494281 -0.337741453       -0.68968791
42  0.786692045 -0.46309254  0.297814921       -0.76940230
43  6.817539028 -3.03210043 -1.468805398        1.46018473
44  3.982851713 -0.76439504  0.531691504       -1.34499083
45  6.574488813 -1.17098100 -2.254532868        0.06133781
46  2.573562122 -1.24075823  0.174677084       -0.07459505
47  2.561642913 -2.15985919 -3.016271128        4.22634058
48  0.009847317 -1.18040175 -1.211663329        1.84509418
49  1.837191359 -1.19854504 -0.308169964        0.29477617
50  4.083089402 -2.65055998 -0.188817648        0.57835849
51  2.153193469 -1.01366622  0.568531828        0.47934496
52 -0.335767171  1.58810211  2.859694210       -4.37042676
53  0.956279867 -0.71529617 -0.091656012        1.28779242
54  3.262203746 -1.47754963 -0.224800608        1.13917491
55  1.577439746 -0.88152115  1.026428663       -0.90998441
56  1.830081072 -1.86983173 -2.505035782        3.35727334
57  2.377895615 -2.59111383 -0.505951434        0.79886572
58  2.698954075 -1.87246913 -1.385568001        1.63861675
59  1.637581430  1.10276438  0.071955749       -2.06792999
60  0.523099200  0.15439115  0.070893809       -0.32982026
61  3.408210281 -1.93412554 -1.756932723        1.65491300
62  3.431488775 -2.68536381  0.608833847       -0.88002611
63  0.834694816 -1.96635460  0.711254048       -0.20078237
64 -0.553733037  0.35014839  0.884356130        0.31304006

$Electrode
    (Intercept)  RaceWhite    Fixfore RaceWhite:Fixfore
C3     2.604877 -0.9956868 -0.1019304         0.1379711
C4     2.332906 -0.9956868 -0.1019304         0.1379711
CP3    2.450915 -0.9956868 -0.1019304         0.1379711
CPz    2.807974 -0.9956868 -0.1019304         0.1379711
Cz     2.834156 -0.9956868 -0.1019304         0.1379711
FC3    2.542458 -0.9956868 -0.1019304         0.1379711
FC4    2.396412 -0.9956868 -0.1019304         0.1379711
FCz    2.811169 -0.9956868 -0.1019304         0.1379711
Fz     2.515849 -0.9956868 -0.1019304         0.1379711
Pz     2.503097 -0.9956868 -0.1019304         0.1379711

attr(,"class")
[1] "coef.mer"
[1] "________________________________________________________________________________________________"
      AIC       BIC    logLik  deviance  df.resid 
-301.6814 -208.1172  166.8407 -333.6814 2544.0000 
