Linear mixed model fit by REML 
t-tests use  Satterthwaite approximations to degrees of freedom ['lmerMod']
Formula: meanAmp_factor ~ Race_effect * Comp_cont + Fix_effect * Comp_cont +  
    (Race_effect + Fix_effect | Subject) + (1 | Electrode)
   Data: alldat

REML criterion at convergence: 22605.9

Scaled residuals: 
    Min      1Q  Median      3Q     Max 
-3.7718 -0.6556 -0.0198  0.6164  4.2888 

Random effects:
 Groups    Name        Variance Std.Dev. Corr       
 Subject   (Intercept) 1.23237  1.1101              
           Race_effect 0.06767  0.2601   -0.16      
           Fix_effect  0.08094  0.2845   -0.28  0.06
 Electrode (Intercept) 0.02006  0.1416              
 Residual              2.14469  1.4645              
Number of obs: 6144, groups:  Subject, 64; Electrode, 13

Fixed effects:
                        Estimate Std. Error         df t value Pr(>|t|)    
(Intercept)             -2.16784    0.15404   87.00000 -14.074  < 2e-16 ***
Race_effect              0.20148    0.05870  370.00000   3.433 0.000665 ***
Comp_cont                1.43010    0.02489  971.00000  57.454  < 2e-16 ***
Fix_effect               0.48400    0.06044  317.00000   8.008 2.22e-14 ***
Race_effect:Comp_cont   -0.21012    0.02167 5937.00000  -9.694  < 2e-16 ***
Comp_cont:Fix_effect    -0.19951    0.02167 5937.00000  -9.205  < 2e-16 ***
---
Signif. codes:  0 ‘***’ 0.001 ‘**’ 0.01 ‘*’ 0.05 ‘.’ 0.1 ‘ ’ 1

Correlation of Fixed Effects:
            (Intr) Rc_ffc Cmp_cn Fx_ffc Rc_:C_
Race_effect -0.080                            
Comp_cont   -0.327  0.000                     
Fix_effect  -0.149  0.021  0.000              
Rc_ffct:Cm_  0.000 -0.769  0.000  0.000       
Cmp_cnt:Fx_  0.000  0.000  0.000 -0.747  0.000
[1] "________________________________________________________________________________________________"
$Subject
   (Intercept) Race_effect Comp_cont  Fix_effect Race_effect:Comp_cont Comp_cont:Fix_effect
1  -1.70408645  0.54403674  1.430099 -0.00208724            -0.2101207           -0.1995105
2  -2.56892905  0.42734977  1.430099  0.70187329            -0.2101207           -0.1995105
3  -1.64566225  0.61875924  1.430099  0.25038196            -0.2101207           -0.1995105
4  -2.04488601  0.01046865  1.430099  0.43473784            -0.2101207           -0.1995105
5  -1.96079334  0.36194854  1.430099  0.47016262            -0.2101207           -0.1995105
6  -1.48663078  0.03820692  1.430099  0.57381620            -0.2101207           -0.1995105
7  -1.63021051  0.03878624  1.430099  0.77772289            -0.2101207           -0.1995105
8  -2.83030759 -0.02107366  1.430099  0.70272928            -0.2101207           -0.1995105
9  -1.31361455  0.29786696  1.430099  0.59406761            -0.2101207           -0.1995105
10 -0.69924219  0.10561917  1.430099  0.59191737            -0.2101207           -0.1995105
11 -1.89590174  0.02180566  1.430099  0.49147394            -0.2101207           -0.1995105
12 -1.17880429  0.27525813  1.430099  0.77294870            -0.2101207           -0.1995105
13 -2.27913173  0.31939691  1.430099  0.68573727            -0.2101207           -0.1995105
14 -2.27870636  0.48295716  1.430099  0.85986571            -0.2101207           -0.1995105
15 -1.17549687  0.27250235  1.430099 -0.07586489            -0.2101207           -0.1995105
16 -0.97856776  0.33243454  1.430099  0.44420754            -0.2101207           -0.1995105
17 -3.07854350 -0.02975344  1.430099  0.10310568            -0.2101207           -0.1995105
18 -3.19368374  0.17752345  1.430099  0.21930215            -0.2101207           -0.1995105
19 -1.00140762 -0.17208265  1.430099  0.29566747            -0.2101207           -0.1995105
20 -3.07643011  0.09559984  1.430099  0.57427868            -0.2101207           -0.1995105
21 -3.03708316  0.11503113  1.430099  0.53883398            -0.2101207           -0.1995105
22 -2.94442618  0.26892111  1.430099  0.37212195            -0.2101207           -0.1995105
23 -0.19929025 -0.26093464  1.430099  0.24315774            -0.2101207           -0.1995105
24 -1.05707386  0.39480846  1.430099  0.65298616            -0.2101207           -0.1995105
25 -3.88438369  0.08038220  1.430099  0.36039805            -0.2101207           -0.1995105
26 -3.52776487  0.17044612  1.430099  0.92948261            -0.2101207           -0.1995105
27 -1.14761320  0.40091218  1.430099  0.69022224            -0.2101207           -0.1995105
28 -1.76983917  0.16751762  1.430099  0.32048578            -0.2101207           -0.1995105
29 -3.33799540  0.30601247  1.430099  1.24808660            -0.2101207           -0.1995105
30 -0.80283449  0.37608945  1.430099  0.51407667            -0.2101207           -0.1995105
31 -1.69338718  0.11638797  1.430099  0.26146193            -0.2101207           -0.1995105
32 -3.70319901  0.57625818  1.430099  0.41708820            -0.2101207           -0.1995105
33 -0.71849771  0.42015585  1.430099 -0.06921597            -0.2101207           -0.1995105
34 -3.30680096 -0.05681909  1.430099  0.50469441            -0.2101207           -0.1995105
35 -3.54319512  0.48442275  1.430099  0.64442094            -0.2101207           -0.1995105
36 -2.93955484  0.31033810  1.430099  0.33137857            -0.2101207           -0.1995105
37 -1.62240146  0.20971858  1.430099  0.88805707            -0.2101207           -0.1995105
38 -0.22326989  0.34630100  1.430099  0.13295310            -0.2101207           -0.1995105
39 -0.13523628  0.14229248  1.430099  0.44918951            -0.2101207           -0.1995105
40 -2.35567441  0.02985063  1.430099  0.47281932            -0.2101207           -0.1995105
41  0.01025804  0.03147780  1.430099  0.38684469            -0.2101207           -0.1995105
42 -2.90691087  0.23803000  1.430099  0.50982816            -0.2101207           -0.1995105
43 -0.46674554 -0.16182970  1.430099  0.22054766            -0.2101207           -0.1995105
44 -1.33582079  0.03799624  1.430099  0.41318410            -0.2101207           -0.1995105
45 -0.98734511  0.01277843  1.430099  0.17342407            -0.2101207           -0.1995105
46 -2.12891060  0.24386002  1.430099  0.20487828            -0.2101207           -0.1995105
47 -2.83205875  0.41481794  1.430099  0.36611291            -0.2101207           -0.1995105
48 -3.60311595  0.41704355  1.430099  0.62426242            -0.2101207           -0.1995105
49 -2.87777256  0.18375097  1.430099  0.40347500            -0.2101207           -0.1995105
50 -0.96621656 -0.14424322  1.430099  0.28705951            -0.2101207           -0.1995105
51 -2.62870985  0.01676695  1.430099  0.58739089            -0.2101207           -0.1995105
52 -3.65371859  0.09409588  1.430099  0.83373077            -0.2101207           -0.1995105
53 -2.74711849  0.32245445  1.430099  1.03683927            -0.2101207           -0.1995105
54 -1.16466516  0.14244834  1.430099  0.55920584            -0.2101207           -0.1995105
55 -3.73025688  0.17143013  1.430099  0.55520399            -0.2101207           -0.1995105
56 -3.45857507  0.36011211  1.430099  0.31261415            -0.2101207           -0.1995105
57 -2.02922664 -0.05156911  1.430099  0.53220777            -0.2101207           -0.1995105
58 -2.81569782  0.26892044  1.430099  0.54824360            -0.2101207           -0.1995105
59 -2.31018772  0.63174258  1.430099  0.31309784            -0.2101207           -0.1995105
60 -3.86350830  0.43340026  1.430099  0.32607508            -0.2101207           -0.1995105
61 -2.52475756  0.11643300  1.430099  0.49465534            -0.2101207           -0.1995105
62 -2.27346614 -0.39309637  1.430099  0.46512525            -0.2101207           -0.1995105
63 -4.25107934 -0.04048491  1.430099  0.66616718            -0.2101207           -0.1995105
64 -3.22580215  0.75297294  1.430099  0.78704581            -0.2101207           -0.1995105

$Electrode
    (Intercept) Race_effect Comp_cont Fix_effect Race_effect:Comp_cont Comp_cont:Fix_effect
C3    -2.189828   0.2014846  1.430099  0.4839994            -0.2101207           -0.1995105
CP3   -2.261692   0.2014846  1.430099  0.4839994            -0.2101207           -0.1995105
CP4   -2.181867   0.2014846  1.430099  0.4839994            -0.2101207           -0.1995105
CPz   -2.110180   0.2014846  1.430099  0.4839994            -0.2101207           -0.1995105
Cz    -2.038176   0.2014846  1.430099  0.4839994            -0.2101207           -0.1995105
P3    -2.235434   0.2014846  1.430099  0.4839994            -0.2101207           -0.1995105
P4    -2.190068   0.2014846  1.430099  0.4839994            -0.2101207           -0.1995105
Pz    -2.351462   0.2014846  1.430099  0.4839994            -0.2101207           -0.1995105
FC3   -2.092747   0.2014846  1.430099  0.4839994            -0.2101207           -0.1995105
FC4   -2.152421   0.2014846  1.430099  0.4839994            -0.2101207           -0.1995105
FCz   -1.920867   0.2014846  1.430099  0.4839994            -0.2101207           -0.1995105
Fz    -2.074478   0.2014846  1.430099  0.4839994            -0.2101207           -0.1995105
C4    -2.382742   0.2014846  1.430099  0.4839994            -0.2101207           -0.1995105

attr(,"class")
[1] "coef.mer"
[1] "________________________________________________________________________________________________"
      AIC       BIC    logLik  deviance  df.resid 
 22605.24  22699.36 -11288.62  22577.24   6130.00 
